724

-0.063712 0.044575 0.033687
-0.064679 0.037840 0.024743
-0.067394 0.162815 -0.015253
0.046920 0.044461 0.001365
0.057072 0.057842 0.002177
0.033058 0.059819 -0.015759
-0.006645 0.130700 0.012984
-0.016500 0.120964 0.033637
-0.015822 0.127346 0.022728
-0.075939 0.151364 -0.016882
0.026264 0.047935 -0.017662
0.015275 0.068085 -0.030287
0.018002 0.125305 0.026297
-0.016495 0.109966 0.041338
-0.038391 0.127983 0.002805
-0.078183 0.161072 -0.025939
-0.049762 0.066587 0.037190
0.013077 0.125591 0.030250
-0.057392 0.071804 0.039893
-0.005486 0.118301 0.038756
-0.047519 0.079094 0.043656
-0.037482 0.090320 0.043543
-0.027496 0.100194 0.043487
-0.062709 0.161508 -0.046595
0.051807 0.051815 -0.001707
0.045365 0.057557 -0.005575
-0.063226 0.153648 -0.034616
-0.067707 0.147127 -0.027313
0.023358 0.059237 -0.025511
0.007414 0.092066 -0.031547
-0.054038 0.141288 -0.001342
-0.047084 0.131413 0.003330
-0.070366 0.166780 -0.020672
-0.025821 0.069274 0.043004
-0.037509 0.079016 0.042634
-0.047508 0.090355 0.044219
-0.058499 0.100161 0.042882
-0.058019 0.131103 -0.006589
0.005078 0.101571 -0.021589
0.014161 0.098871 -0.022976
-0.067849 0.155094 0.003510
0.014101 0.120583 0.034659
0.013745 0.128590 0.023298
-0.033510 0.125389 -0.001270
-0.026635 0.121939 -0.006966
0.003490 0.116915 0.039509
-0.062584 0.162383 -0.056331
-0.056812 0.117980 -0.012657
-0.016708 0.059948 -0.035674
0.003375 0.131746 0.013790
0.014500 0.108488 0.040796
-0.018814 0.124392 0.026112
-0.047621 0.111206 -0.017672
0.021068 0.041544 -0.015700
-0.068062 0.060659 0.013756
-0.007647 0.051160 -0.031788
-0.066734 0.037409 0.033722
0.043607 0.041137 0.004267
-0.015763 0.127990 0.003857
-0.027508 0.112548 0.036056
-0.026436 0.125919 0.013072
-0.040441 0.107050 0.038704
0.056148 0.049393 0.013191
-0.071015 0.039133 0.004214
0.047096 0.045623 0.025458
0.056930 0.058069 0.024171
0.032536 0.060582 0.039911
-0.078467 0.147461 0.040730
-0.078464 0.138605 0.048902
0.011750 0.051991 0.050187
-0.006887 0.108791 -0.022603
0.022621 0.050570 0.041272
0.034254 0.038702 0.023616
0.022253 0.036583 0.013980
-0.040794 0.086978 -0.021461
-0.047754 0.078268 -0.019072
-0.057712 0.070850 -0.015646
-0.045502 0.122005 0.026111
-0.059558 0.128315 0.040220
-0.017113 0.039076 0.052183
0.033522 0.049903 0.032205
-0.029540 0.090461 -0.027593
-0.088779 0.151473 0.013159
-0.036855 0.100015 -0.022173
-0.006428 0.119149 -0.014279
-0.050729 0.129704 0.031897
-0.058603 0.141000 0.032832
0.022365 0.079549 0.049994
-0.016477 0.111102 -0.019667
-0.070267 0.128451 0.051156
-0.068249 0.153053 0.034066
0.004498 0.059078 0.054723
0.016241 0.079314 -0.029447
0.008267 0.068172 -0.031657
0.002328 0.059769 -0.032832
-0.006490 0.122405 0.035478
0.003499 0.126284 0.031105
-0.006106 0.129863 0.023287
-0.025877 0.125557 0.004499
-0.016609 0.128602 0.013687
-0.077375 0.161145 -0.017924
-0.018509 0.114097 0.038596
-0.038803 0.125966 -0.005216
-0.047012 0.071051 0.040996
-0.058817 0.066731 0.035148
-0.058504 0.079058 0.043499
-0.028445 0.090386 0.044848
-0.037503 0.098721 0.042382
0.054356 0.049285 0.004234
0.029793 0.051044 -0.014744
-0.063342 0.145588 -0.013114
-0.063564 0.147341 -0.017658
-0.067483 0.038382 0.013392
0.028213 0.057973 -0.019731
-0.069370 0.145758 -0.023486
-0.064415 0.073179 0.038947
0.003214 0.079660 -0.034607
0.012270 0.071011 -0.031719
0.014326 0.059482 -0.028780
0.045765 0.079198 0.003196
-0.046166 0.168264 0.000999
-0.028169 0.171188 -0.018077
-0.049432 0.058647 0.034329
-0.070387 0.161044 -0.046966
-0.076661 0.163806 -0.033980
-0.070957 0.076762 0.038019
0.042129 0.070468 -0.005803
-0.053835 0.032987 0.017951
-0.048597 0.035910 0.009255
-0.016923 0.038549 -0.016104
-0.086559 0.080636 0.013503
0.028698 0.080653 -0.021603
0.023272 0.069186 -0.026099
0.035908 0.111056 0.024408
0.025772 0.122252 0.023462
-0.062392 0.152158 -0.026581
-0.067417 0.149888 -0.037597
0.032012 0.117952 0.012963
-0.037901 0.151906 -0.006218
-0.030665 0.155159 -0.000638
0.004360 0.048104 -0.028815
-0.074040 0.145796 -0.011857
-0.033263 0.177035 -0.011981
-0.074441 0.083310 0.038687
-0.060322 0.038556 0.021718
-0.037536 0.159586 0.001827
-0.026219 0.162456 -0.004725
0.037615 0.100847 -0.008744
-0.063326 0.159631 -0.018073
-0.048497 0.046489 0.040915
-0.057326 0.048109 0.033664
0.055693 0.068893 0.002992
-0.006594 0.039145 -0.025739
-0.075361 0.072433 0.030241
0.034902 0.069850 -0.015838
-0.015930 0.095019 -0.032743
-0.026737 0.038544 0.032952
0.000983 0.037338 0.001634
-0.083838 0.116160 -0.001372
-0.083931 0.103265 0.027798
-0.084170 0.097932 0.029606
-0.088753 0.130866 0.003259
-0.037675 0.037947 0.044436
-0.068291 0.172271 -0.056025
-0.074133 0.180484 -0.053671
0.014415 0.034380 -0.006034
0.014900 0.034801 0.034041
-0.037640 0.033672 0.002661
-0.027273 0.038388 -0.006860
-0.055470 0.034519 -0.011720
-0.043760 0.036567 -0.025278
0.004006 0.038613 0.045884
-0.057229 0.155416 0.014578
-0.007505 0.047114 0.047829
-0.089404 0.140678 0.033178
-0.017489 0.068734 0.053904
-0.084362 0.099348 -0.002592
-0.094436 0.121484 0.022284
-0.088960 0.131049 0.043207
-0.087913 0.090076 0.004468
-0.081079 0.117571 0.048673
0.045537 0.089003 0.013164
-0.020781 0.058186 0.046804
-0.068865 0.111591 0.043814
-0.021100 0.166843 -0.011390
-0.083223 0.078971 0.001519
-0.076550 0.072848 -0.005602
-0.030093 0.050939 -0.018360
-0.057235 0.046520 -0.004344
-0.035655 0.045964 -0.025269
0.035422 0.100763 0.033840
-0.075866 0.097813 -0.012460
0.033549 0.088970 0.041603
-0.016730 0.038365 0.024377
-0.006895 0.038455 0.013644
0.020895 0.116644 -0.011715
0.031269 0.106096 -0.012371
-0.016764 0.162218 -0.015113
-0.087726 0.112462 0.022693
-0.048500 0.157854 0.009045
-0.093623 0.120076 0.013292
-0.006498 0.080138 0.057622
-0.053008 0.149326 0.022406
-0.079914 0.109193 0.034328
0.042057 0.098644 0.023156
-0.026861 0.037864 0.013731
-0.016798 0.038356 0.002645
-0.025437 0.079649 0.052190
-0.086404 0.111678 0.005301
-0.062634 0.149615 -0.006172
-0.089292 0.099670 0.013401
0.025282 0.100786 -0.018715
-0.044741 0.149173 0.007045
0.023755 0.088747 -0.023943
0.009200 0.087967 -0.032012
-0.001157 0.094966 -0.032616
-0.068716 0.171626 -0.037271
-0.070161 0.178224 -0.049321
0.043383 0.098710 0.004176
-0.039461 0.174124 -0.006997
0.042884 0.088784 -0.005817
-0.068996 0.139931 -0.007890
0.040570 0.105644 0.013166
-0.037493 0.060580 0.040815
-0.028505 0.058807 0.036767
-0.078380 0.172116 -0.045044
-0.067893 0.090099 0.043242
-0.071530 0.102729 0.038490
0.040015 0.082940 -0.011777
0.044323 0.088920 0.023157
-0.063417 0.118511 0.045328
-0.056364 0.156406 0.010511
-0.056334 0.154371 0.023609
-0.017500 0.049922 0.047006
-0.094418 0.121460 0.017283
-0.079170 0.110508 0.044143
-0.006521 0.068883 0.056177
0.043560 0.098737 0.013160
0.040534 0.105626 0.004164
-0.069516 0.108303 0.037332
0.004161 0.039379 0.033164
-0.006143 0.038546 0.022770
-0.016860 0.038202 0.013659
-0.027393 0.038186 0.004285
-0.037246 0.038155 -0.006810
-0.046679 0.038330 -0.016286
-0.086673 0.139248 0.042106
-0.084837 0.089878 -0.003561
-0.087097 0.099515 0.004422
-0.090608 0.131058 0.034232
0.013787 0.037763 0.044336
-0.092975 0.118760 0.025308
-0.049970 0.150693 0.011804
-0.087544 0.110450 0.013340
0.023920 0.108291 -0.014731
-0.017493 0.078683 0.056671
-0.003501 0.076066 0.058800
-0.010551 0.165091 -0.017749
-0.026782 0.079725 -0.036943
-0.068618 0.068718 -0.006555
-0.030785 0.058047 -0.018410
-0.055522 0.060057 -0.005540
-0.067848 0.099481 -0.015636
0.041129 0.079297 0.031369
0.021384 0.125707 0.004729
0.026628 0.090243 0.045658
0.003465 0.097754 0.051238
0.013580 0.088749 0.053142
0.028735 0.103420 0.038199
-0.016783 0.038808 0.032968
0.002978 0.034159 0.014086
-0.083260 0.108970 0.026361
0.013687 0.068586 0.053149
-0.092026 0.132307 0.013232
0.004513 0.078621 0.055931
-0.087826 0.112190 0.033710
0.024852 0.068593 0.044679
-0.046628 0.059230 -0.012031
-0.036648 0.057736 -0.011137
-0.068769 0.079368 -0.016582
-0.067753 0.141137 0.044272
0.040387 0.096627 0.028672
0.016748 0.056307 0.048680
-0.063386 0.135310 0.038192
-0.016261 0.181575 -0.026255
0.033838 0.109906 -0.006444
-0.017115 0.161213 -0.007349
-0.006496 0.089814 0.056995
0.024311 0.119024 -0.006273
0.057619 0.071969 0.013345
0.045313 0.069824 0.023466
-0.008765 0.171600 -0.026297
0.013779 0.034669 0.023074
-0.083134 0.135327 0.048595
-0.090146 0.140633 0.023170
-0.079955 0.100457 -0.007589
-0.006011 0.034838 0.042307
0.003503 0.044165 0.045871
-0.090556 0.120241 0.045120
-0.094393 0.125559 0.022267
0.037196 0.069986 0.036159
0.033501 0.079547 0.041451
-0.068445 0.156174 0.013471
-0.016490 0.060218 0.052094
-0.068050 0.156343 0.022324
-0.069872 0.114240 0.050428
-0.021676 0.065257 0.047475
-0.085307 0.129862 0.049499
-0.045768 0.132352 0.013312
0.003109 0.110155 -0.020240
-0.077505 0.120428 0.051936
-0.086382 0.148632 0.031685
-0.005497 0.050382 0.051623
-0.080575 0.154604 0.023852
-0.047498 0.112540 0.035806
-0.057499 0.107052 0.039830
0.024499 0.039062 0.033316
0.024682 0.036038 0.024067
0.035216 0.036726 0.014656
-0.085741 0.120359 0.048887
-0.078500 0.130283 0.053034
-0.089168 0.150225 0.024108
-0.078402 0.152013 0.033601
-0.007232 0.038102 0.048949
0.003499 0.050513 0.052525
0.027299 0.047751 0.037457
-0.016169 0.117727 -0.014690
-0.006643 0.113752 -0.018507
0.036109 0.057709 0.034474
-0.049781 0.084103 -0.021662
-0.058755 0.078207 -0.019251
-0.047676 0.069431 -0.015104
-0.056472 0.132545 0.035911
-0.036822 0.090054 -0.023925
-0.037862 0.101418 -0.021555
-0.026856 0.098727 -0.023978
0.021859 0.071418 0.049182
-0.052908 0.136719 0.028712
-0.017824 0.107521 -0.021893
-0.068509 0.148391 0.040258
-0.071875 0.136886 0.048857
0.012494 0.058995 0.051328
0.024788 0.059158 0.044512
-0.006700 0.059904 -0.034666
-0.027895 0.124828 0.002294
-0.067479 0.062222 0.021403
0.003498 0.122445 0.034800
0.003561 0.130245 0.023904
-0.006019 0.126314 0.030628
-0.035698 0.121856 -0.008833
-0.047762 0.119115 -0.013971
-0.053016 0.141613 0.025409
-0.047272 0.130968 0.024505
-0.018545 0.046085 0.051508
-0.049359 0.121175 0.032055
-0.079752 0.154980 0.012410
-0.059960 0.121237 0.041362
0.035249 0.043109 0.028946
0.003352 0.118611 -0.015782
-0.076236 0.113613 0.049466
-0.069486 0.120387 0.053159
-0.068644 0.156175 0.023578
-0.006494 0.059050 0.054932
-0.070398 0.156305 0.015682
-0.049383 0.140141 0.013394
0.021315 0.039390 0.041121
0.014707 0.111012 -0.017621
-0.047499 0.108450 0.039225
-0.058497 0.111135 0.036786
0.000134 0.105909 -0.021650
-0.006875 0.038989 0.033049
0.003064 0.037405 0.023868
-0.074953 0.082340 -0.013589
-0.036620 0.050581 -0.010756
-0.043021 0.045058 -0.015328
-0.080139 0.142096 0.045403
-0.091774 0.132406 0.024230
-0.092924 0.120168 0.033291
-0.080127 0.089517 -0.008617
0.014950 0.047502 0.044211
-0.083897 0.104764 -0.000611
0.032766 0.070034 0.040323
0.037431 0.079442 0.036601
-0.036902 0.036214 0.013167
-0.017297 0.038617 -0.006918
-0.022094 0.071056 0.050520
-0.089607 0.090230 0.013450
-0.059147 0.152697 -0.000052
-0.047084 0.151656 -0.005194
0.021292 0.098300 -0.022043
0.027921 0.091622 -0.020979
-0.037506 0.171208 0.000818
0.041059 0.098543 -0.003796
0.045431 0.088986 0.003176
-0.024218 0.059335 0.041710
-0.034476 0.056132 0.038302
-0.068947 0.131135 -0.008747
0.003183 0.089480 -0.033529
-0.029317 0.172724 -0.007405
-0.068498 0.098650 0.041468
-0.027230 0.037736 0.022792
-0.006788 0.038688 0.002549
-0.083982 0.134868 -0.000717
-0.053805 0.159768 -0.001836
-0.076236 0.178558 -0.048710
-0.034088 0.177472 -0.007443
-0.089536 0.119938 0.003297
-0.048653 0.162759 0.005999
-0.067084 0.173532 -0.045319
0.033323 0.099778 -0.013667
-0.077991 0.139819 -0.005268
-0.079084 0.099422 0.034371
-0.035652 0.046041 0.042192
-0.028528 0.052264 0.037768
-0.077620 0.171284 -0.036890
-0.075396 0.090109 0.039437
-0.087877 0.099047 0.023378
-0.027105 0.162286 -0.015104
0.039949 0.068873 -0.009797
-0.073831 0.151256 -0.033887
-0.068354 0.152019 -0.046246
-0.051028 0.033668 0.025030
-0.053361 0.033209 0.019630
-0.006345 0.037987 -0.015357
0.014371 0.049373 -0.026707
0.050545 0.064008 -0.002132
0.039578 0.104495 -0.000545
-0.084619 0.080553 0.021476
0.031654 0.117354 0.022816
0.036793 0.111755 0.013299
-0.035455 0.163829 -0.002278
-0.057459 0.045976 0.042703
-0.050991 0.050418 0.034640
-0.025822 0.181482 -0.016039
0.026280 0.123151 0.013669
-0.061759 0.160001 -0.026589
-0.072781 0.161025 -0.037940
-0.028552 0.159576 0.000695
0.035013 0.079745 -0.016714
0.039230 0.092699 -0.010086
-0.078432 0.079934 0.033732
-0.016910 0.037975 -0.027339
-0.058248 0.033653 0.012890
0.028985 0.066490 -0.019925
-0.025134 0.087883 0.051634
-0.062157 0.152203 -0.016578
-0.027962 0.155009 -0.005800
-0.037993 0.152140 0.002783
0.024263 0.079016 -0.025163
0.011235 0.079481 -0.031852
0.003255 0.069732 -0.033662
0.005341 0.058200 -0.030828
-0.035495 0.171374 -0.013749
-0.045184 0.169830 -0.004971
-0.045304 0.058783 0.038737
0.042834 0.078953 -0.004783
-0.057816 0.063660 0.030990
-0.067537 0.080551 0.041781
0.040039 0.087141 -0.011789
-0.068145 0.144372 -0.016826
-0.068387 0.069032 0.032882
0.045369 0.069383 0.002451
-0.038280 0.035429 0.024381
-0.006234 0.038965 -0.006883
-0.073926 0.098177 0.039132
0.039719 0.078718 -0.009743
-0.027440 0.180304 -0.007157
-0.077955 0.131028 -0.006065
-0.056571 0.159859 0.003066
-0.047755 0.161949 -0.006973
-0.028183 0.049975 0.044520
-0.035492 0.050532 0.038540
-0.080277 0.089954 0.034452
-0.085564 0.121149 -0.002726
-0.037085 0.162227 -0.013532
0.034926 0.089658 -0.016918
-0.082622 0.141799 0.001184
-0.087829 0.089523 0.023616
-0.047742 0.034544 0.033756
0.002877 0.036805 -0.014320
-0.051731 0.048911 0.021641
-0.059921 0.039463 0.045342
0.025867 0.111418 0.035830
0.021964 0.126042 0.013483
-0.081809 0.077611 0.024503
0.013426 0.040338 -0.022798
-0.016786 0.078475 -0.038559
-0.066531 0.155586 -0.052333
-0.051189 0.055813 0.015435
-0.066909 0.108072 -0.013317
-0.069910 0.112240 -0.010010
-0.017083 0.089686 -0.037322
-0.027312 0.034700 0.043231
-0.038012 0.034455 0.034135
0.015323 0.036240 0.003663
0.003695 0.039098 -0.006887
-0.085371 0.127983 -0.002663
-0.084746 0.091127 0.028986
-0.086540 0.139093 0.004205
-0.078857 0.120751 -0.006088
-0.069608 0.159782 -0.007384
-0.075985 0.168851 -0.028495
-0.063019 0.169374 -0.047604
0.037279 0.057449 -0.007680
-0.032480 0.043662 0.048984
-0.077226 0.151416 -0.005901
0.027850 0.045613 -0.007200
0.003178 0.098065 -0.025888
-0.058744 0.140559 -0.004817
-0.075459 0.159053 -0.009070
-0.028880 0.079237 0.044338
-0.037500 0.069105 0.041777
-0.028488 0.066015 0.038469
0.013731 0.104072 -0.020207
-0.058484 0.088969 0.044676
-0.069825 0.169548 -0.027656
-0.047074 0.127422 -0.004633
-0.048498 0.100158 0.042867
-0.049812 0.141672 0.004400
0.015616 0.090475 -0.027820
0.034364 0.049135 -0.006568
-0.064970 0.154244 -0.005636
-0.050818 0.050122 0.014822
0.032652 0.108705 0.031586
0.023086 0.119339 0.031798
0.021192 0.125810 0.021755
-0.082774 0.076281 0.013522
-0.005791 0.079861 -0.037646
-0.067684 0.160922 -0.055994
-0.052668 0.057978 0.023550
-0.064276 0.037973 0.041245
0.040439 0.042725 -0.001854
0.015505 0.112635 0.038541
0.003486 0.110018 0.042298
0.013435 0.129972 0.013190
-0.057893 0.109749 -0.017234
-0.027107 0.117070 -0.013899
-0.057908 0.121934 -0.008721
0.034879 0.037805 0.002366
-0.058689 0.065984 -0.009086
-0.037752 0.078309 -0.019404
-0.032286 0.079263 -0.030533
-0.032840 0.072290 -0.024471
-0.032182 0.066622 -0.020442
-0.065613 0.062670 -0.002838
0.003779 0.127353 -0.005178
0.014114 0.129082 0.003472
0.017703 0.091363 0.048558
-0.007508 0.123161 -0.010540
-0.037136 0.123595 0.025439
-0.058882 0.099739 -0.019036
-0.056837 0.089813 -0.021762
0.003527 0.101610 0.044675
0.022644 0.087561 0.048708
-0.047830 0.092723 -0.021622
-0.047849 0.099947 -0.021798
-0.061875 0.161566 -0.036594
-0.064725 0.164890 -0.025776
0.044360 0.049034 -0.005289
0.053319 0.058791 -0.002914
-0.006492 0.110023 0.043019
-0.075096 0.151313 -0.025879
-0.014495 0.115487 0.038677
0.022371 0.050520 -0.023165
-0.068892 0.119449 -0.008743
-0.006829 0.089633 -0.036182
-0.077186 0.109877 -0.005596
-0.067468 0.038293 -0.005742
-0.015065 0.125750 -0.003155
-0.037533 0.127856 0.013430
-0.037490 0.111156 0.035997
-0.016540 0.099783 0.044077
-0.025516 0.108511 0.040126
-0.050648 0.064845 -0.011443
0.012803 0.126304 -0.004134
-0.034022 0.079427 -0.025512
-0.037707 0.069528 -0.016093
-0.029810 0.067781 -0.028471
-0.023700 0.061080 -0.032726
-0.066468 0.061172 0.004518
-0.028089 0.121741 0.024290
0.045501 0.058386 0.031938
0.004143 0.131018 0.004072
-0.060815 0.089630 -0.019301
-0.047809 0.089872 -0.021980
0.015460 0.100515 0.047156
-0.053884 0.098478 -0.021806
0.050340 0.052582 0.028690
-0.047858 0.101383 -0.021574
0.044535 0.040764 0.012788
-0.016744 0.068615 -0.038208
-0.021695 0.055283 -0.031103
-0.058467 0.057749 0.012939
-0.072435 0.064436 0.013140
-0.058581 0.034432 0.033298
-0.006634 0.046682 -0.029734
0.003411 0.037622 -0.024465
-0.056601 0.045189 0.024681
-0.047310 0.039017 0.045060
-0.077164 0.070502 0.022766
0.023504 0.108407 0.038810
0.016557 0.036782 -0.018664
0.049239 0.043739 0.016463
0.059760 0.056716 0.014171
-0.022508 0.125867 0.018879
-0.005873 0.130011 0.003191
-0.026529 0.118060 0.031540
0.043520 0.063743 0.028106
0.015157 0.122808 -0.008362
0.053530 0.049514 0.022662
0.018227 0.125477 -0.001238
-0.037671 0.125956 0.020768
-0.037496 0.119384 0.030473
-0.007035 0.101085 0.044511
0.004134 0.124074 -0.009643
-0.005703 0.127440 -0.005173
-0.075286 0.176467 -0.051963
-0.067962 0.181138 -0.057225
-0.006285 0.095293 -0.032971
-0.083030 0.110196 0.001318
-0.048184 0.033579 0.004224
-0.026722 0.038665 -0.016293
-0.085242 0.080497 0.005516
-0.058514 0.038688 -0.009290
0.031572 0.117859 0.004238
0.039858 0.101362 0.026182
-0.015368 0.096440 0.051772
-0.038606 0.039292 -0.028480
-0.017139 0.171259 -0.016202
0.046380 0.079254 0.013175
-0.073665 0.076111 -0.010755
-0.050605 0.057571 -0.009658
-0.025753 0.069725 -0.035172
-0.071277 0.064859 0.002165
-0.037661 0.060674 -0.012276
-0.027515 0.059111 -0.027433
-0.058696 0.058833 0.003485
-0.068797 0.089421 -0.016834
0.040290 0.069864 0.031836
0.024244 0.099485 0.044008
0.004510 0.089730 0.055549
0.012469 0.096282 0.049406
-0.079049 0.078561 -0.006588
-0.077537 0.070359 0.004520
-0.026575 0.047686 -0.025878
-0.048575 0.048952 -0.009140
-0.037379 0.047830 -0.016773
-0.058107 0.049457 0.003665
-0.076206 0.089271 -0.013533
0.031137 0.098212 0.039916
0.037936 0.090164 0.035657
0.025096 0.034806 0.003200
-0.085208 0.150101 0.006189
-0.027446 0.038220 0.053983
-0.027434 0.111364 -0.017896
-0.025442 0.047368 0.050317
-0.080095 0.152610 0.003240
-0.070403 0.156596 -0.000356
-0.026368 0.107348 -0.021695
-0.033434 0.038223 0.050091
-0.015856 0.098030 -0.025898
-0.037864 0.111663 -0.018190
0.023336 0.038932 -0.004704
-0.061380 0.170960 -0.057595
-0.016471 0.034813 0.043685
0.009103 0.034807 0.018372
-0.058227 0.151065 0.033498
-0.087836 0.112676 0.042232
0.003509 0.068881 0.055769
-0.089281 0.140568 0.013241
0.014262 0.079423 0.054060
0.027060 0.079539 0.046214
-0.065692 0.072089 -0.013589
-0.066021 0.131186 0.044954
-0.025820 0.088086 -0.035728
0.040789 0.088669 0.030981
-0.063525 0.139599 0.038030
-0.009957 0.169734 -0.019805
0.045160 0.078920 0.023040
0.025888 0.122260 0.003557
-0.006492 0.097857 0.052224
0.036752 0.111162 0.003167
-0.018257 0.181629 -0.017733
-0.058056 0.033490 0.004108
-0.036439 0.035795 -0.015584
-0.084611 0.084433 -0.002535
-0.048205 0.033567 -0.006679
0.030284 0.116230 -0.003251
0.026985 0.113053 -0.009840
-0.010589 0.180273 -0.027211
-0.017499 0.089736 0.055875
0.055579 0.068697 0.024075
-0.027064 0.037655 -0.029375
0.047498 0.073714 0.013988
-0.015219 0.172708 -0.024608
0.043136 0.041992 0.022468
-0.067208 0.044792 0.003688
0.044042 0.049700 0.031859
0.052968 0.059545 0.029044
-0.019960 0.125484 -0.000739
-0.027617 0.125471 0.015589
-0.051284 0.138511 0.022367
-0.054505 0.119806 0.036933
0.013479 0.118711 -0.013933
-0.006728 0.069868 -0.036167
-0.001658 0.053990 -0.031405
-0.058555 0.060477 0.023496
-0.070184 0.065880 0.024711
-0.017638 0.046551 -0.028678
-0.056936 0.046073 0.012583
-0.078067 0.069048 0.013252
0.034433 0.041417 -0.003304
-0.048805 0.124161 -0.009218
-0.005946 0.098915 -0.026750
-0.037611 0.117220 -0.014004
-0.063114 0.178334 -0.058358
-0.018128 0.187252 -0.018852
-0.016841 0.122494 -0.007661
0.060749 0.059571 0.012164
0.060755 0.066499 0.013153
-0.015674 0.051114 -0.031777
-0.065738 0.043613 0.010124
-0.063764 0.044271 -0.002269
-0.061423 0.172219 -0.061841

-0.748071 0.663556 -0.009106
-0.672246 0.417198 -0.611581
0.558859 0.742770 0.368740
0.449216 -0.744755 -0.493503
0.818590 -0.269817 -0.507059
0.713002 -0.368799 -0.596335
-0.138592 0.990347 0.002070
-0.294844 0.746340 0.596695
-0.335351 0.899077 0.281425
-0.939713 0.341577 0.016255
0.540730 -0.667295 -0.512180
0.388276 -0.216324 -0.895793
0.437197 0.808142 0.394670
-0.248636 0.355974 0.900812
0.228216 0.969371 -0.090755
-0.845982 -0.481012 -0.230089
-0.453390 -0.514569 0.727775
0.282425 0.771347 0.570316
-0.069552 -0.649063 0.757548
-0.189643 0.520798 0.832349
0.359627 -0.131812 0.923739
-0.073135 -0.073280 0.994626
-0.331194 0.152777 0.931112
0.976476 -0.211315 -0.042900
0.630495 -0.451625 -0.631277
-0.043955 0.342861 -0.938357
0.861232 -0.444541 -0.246298
0.214328 -0.942026 -0.258169
0.524999 0.062877 -0.848777
0.480150 0.428868 -0.765198
0.598128 0.081066 -0.797290
0.776265 0.540916 -0.323763
0.257720 0.872833 0.414418
-0.857569 -0.278246 0.432613
0.141051 -0.259531 0.955379
0.350654 0.319644 0.880267
-0.126268 0.093385 0.987591
0.378368 0.089640 -0.921305
0.241709 0.233440 -0.941851
0.011610 0.160180 -0.987019
0.225910 0.972992 -0.047444
0.287322 0.552582 0.782368
0.296054 0.916384 0.269432
0.415529 0.855555 -0.308806
0.022586 0.884060 -0.466827
0.196602 0.527013 0.826804
0.931799 -0.361959 -0.027134
-0.310896 0.620694 -0.719780
-0.170693 -0.258395 -0.950840
-0.013314 0.999477 0.029458
0.020936 0.583579 0.811786
-0.366574 0.837225 0.405804
0.182952 0.474874 -0.860827
0.845608 -0.497382 -0.193801
-0.397547 -0.913097 0.090613
0.105045 -0.525886 -0.844043
-0.976784 0.205558 0.060319
0.501835 -0.836471 -0.220178
-0.257760 0.945986 -0.196650
-0.144011 0.624625 0.767532
-0.184483 0.980079 0.073554
0.417678 0.373731 0.828173
0.767905 -0.640495 -0.009389
-0.886492 0.461253 -0.037117
0.510436 -0.709622 0.485686
0.773778 -0.166807 0.611100
0.447964 -0.214553 0.867926
-0.287801 0.740037 0.607878
-0.163622 0.558890 0.812939
0.564197 -0.459561 0.685920
-0.050795 0.262520 -0.963589
0.476918 -0.500279 0.722682
0.259374 -0.884834 0.387033
-0.604517 -0.788980 -0.109858
-0.206984 -0.263620 -0.942158
-0.013241 -0.477513 -0.878525
-0.037828 -0.596216 -0.801933
0.339795 0.625743 0.702129
0.395108 0.419214 0.817404
0.391955 -0.050932 0.918573
0.560216 -0.452174 0.694044
-0.823573 0.505740 -0.256817
-0.599803 0.749659 -0.279729
-0.170135 0.190231 -0.966885
0.089086 0.623140 -0.777020
0.754930 0.323388 0.570526
0.649365 0.091109 0.755000
0.479161 -0.031234 0.877171
0.132828 0.382746 -0.914255
0.414712 0.438694 0.797221
-0.008509 0.904606 0.426164
0.170349 -0.559669 0.811019
0.495022 0.024421 -0.868537
0.385119 -0.135299 -0.912895
0.317298 -0.223526 -0.921606
-0.150028 0.647187 0.747423
0.018152 0.846110 0.532700
-0.102180 0.970274 0.219381
-0.180620 0.968201 -0.173100
-0.271995 0.961747 0.032592
-0.940832 0.290077 0.175184
-0.159383 0.538224 0.827594
0.206418 0.907932 -0.364763
-0.420864 -0.334456 0.843216
-0.225511 -0.735034 0.639430
-0.318234 -0.183408 0.930102
-0.665827 0.270487 0.695350
-0.322302 0.276993 0.905205
0.699234 -0.643613 -0.311182
0.877109 -0.373148 -0.302392
0.835286 -0.507325 -0.211940
0.858356 -0.490426 -0.150691
-0.719508 0.445590 0.532690
0.756852 -0.312429 -0.574075
-0.150919 -0.944369 -0.292217
-0.332544 -0.561362 0.757818
0.287517 0.105188 -0.951982
0.238084 -0.020018 -0.971038
0.241803 0.026737 -0.969957
0.979745 -0.010772 -0.199960
-0.442701 0.802307 0.400399
-0.455744 -0.039715 -0.889224
-0.817885 -0.039896 0.573997
-0.967050 -0.073325 -0.243797
-0.493261 -0.751876 -0.437465
-0.433298 -0.421665 0.796525
0.935901 -0.158188 -0.314747
-0.494741 -0.866734 0.063281
0.473482 -0.600521 0.644351
-0.079747 -0.921712 0.379588
-0.944130 -0.329273 0.014052
0.681711 0.132605 -0.719504
0.651296 -0.076215 -0.754986
0.814781 0.523929 0.248254
0.608754 0.759286 0.230008
0.949948 -0.305689 -0.064451
0.536736 -0.805580 -0.250909
0.745142 0.666585 0.020693
0.193437 -0.799791 -0.568258
0.476203 -0.628438 0.615058
0.359829 -0.416536 -0.834878
-0.796527 -0.545791 -0.260112
-0.611480 0.624573 -0.485799
-0.547368 -0.276475 0.789905
-0.718267 0.491182 -0.492780
-0.014217 0.751544 0.659530
0.183133 0.819426 0.543142
0.791109 0.292227 -0.537354
0.820310 0.485291 0.302628
0.092859 0.738707 0.667600
-0.360782 0.932363 -0.023153
0.401638 0.609575 -0.683451
0.095925 -0.161732 -0.982162
-0.645289 -0.612532 0.456515
0.729203 0.071415 -0.680561
-0.154400 0.790655 -0.592474
-0.020175 -0.996214 0.084557
-0.656410 -0.623711 -0.424394
-0.615511 -0.305348 -0.726573
-0.761976 0.265413 0.590719
-0.771467 0.170523 0.612993
-0.835519 -0.046802 -0.547464
-0.761128 0.012077 0.648489
-0.827566 -0.226770 -0.513527
-0.628598 0.727554 -0.274827
0.078641 -0.996759 -0.016943
0.057691 -0.998304 -0.007779
0.020227 -0.999775 0.006354
0.010745 -0.999327 -0.035069
-0.425950 -0.004829 -0.904734
-0.907244 0.260760 -0.330019
0.139300 0.053306 0.988814
0.263985 0.957239 0.118349
-0.117416 -0.557297 0.821969
-0.981963 0.177502 0.065131
-0.442161 -0.241026 0.863944
-0.956987 0.089369 -0.276025
-0.984553 -0.161774 0.066971
-0.841003 0.267544 0.470249
-0.922100 0.208244 -0.326137
-0.164272 -0.292474 0.942058
0.994293 0.063395 0.085810
-0.839419 -0.048544 0.541313
0.388288 -0.880403 0.272256
0.320729 0.602387 0.730933
-0.899912 -0.164237 -0.403960
-0.611421 -0.627305 -0.482340
-0.800254 0.496448 -0.336354
-0.519063 0.631227 -0.576303
-0.347973 0.790141 -0.504572
0.750846 0.365404 0.550192
-0.641738 0.283867 -0.712454
0.694925 0.118628 0.709230
-0.004492 -0.998897 0.046740
-0.033665 -0.999324 -0.014768
0.389771 0.628427 -0.673171
0.526142 0.521732 -0.671544
0.038382 -0.787701 -0.614860
-0.556593 -0.787162 0.265669
0.230041 0.371521 0.899474
-0.967428 -0.129201 -0.217691
0.100945 0.102623 0.989585
0.978805 0.076063 0.190148
-0.534904 -0.844880 -0.007447
0.886190 0.392767 0.245768
-0.008987 -0.998555 -0.052985
0.004362 -0.999990 0.001193
-0.838951 -0.271079 0.471888
-0.719297 -0.584603 -0.375302
0.980739 0.195255 0.005104
-0.967017 0.233230 -0.102384
0.520621 0.367354 -0.770717
0.625593 -0.370295 0.686670
0.342953 0.213296 -0.914816
0.438755 0.082469 -0.894814
0.202800 0.665614 -0.718213
0.456457 0.863747 0.213516
0.412442 0.756445 0.507624
0.920099 0.340991 -0.192726
-0.598836 0.793899 -0.105449
0.953091 0.086825 -0.289963
-0.113968 -0.236567 -0.964908
0.893916 0.443625 0.064119
0.201772 -0.295936 0.933654
-0.178380 -0.156839 0.971382
-0.663428 -0.557534 -0.499018
-0.510246 0.211352 0.833655
-0.380498 0.354687 0.854060
0.860079 -0.166437 -0.482247
0.939770 0.173692 0.294387
0.900279 -0.282652 0.331067
-0.132067 0.880783 0.454730
0.412293 0.901645 0.130577
-0.320706 0.060053 0.945273
-0.994240 -0.080022 -0.071303
-0.232494 -0.885107 0.403154
-0.190942 -0.332163 0.923693
0.940131 0.332063 0.076735
0.846421 0.511753 -0.147242
-0.128378 -0.201641 0.971010
0.102441 -0.991437 0.080987
0.047516 -0.998518 0.026523
0.045397 -0.998947 -0.006590
0.056592 -0.997690 -0.037590
-0.011262 -0.999800 -0.016518
-0.918239 0.272190 -0.287661
-0.710052 0.423574 0.562505
-0.905222 -0.151194 -0.397132
-0.861333 0.335066 -0.381885
-0.921965 0.383456 0.054243
0.175731 -0.008807 0.984399
-0.837565 -0.402070 0.369897
0.675991 0.135631 0.724320
-0.728786 -0.682401 -0.056573
0.268198 0.547123 -0.792923
-0.151246 -0.405211 0.901626
-0.043376 0.077453 0.996052
0.840478 -0.538248 0.062335
-0.478741 -0.092475 -0.873072
-0.530790 -0.664632 -0.525858
-0.931170 -0.130014 -0.340614
-0.851535 -0.222674 -0.474663
-0.348696 0.169679 -0.921749
0.880906 -0.048991 0.470749
0.499530 0.851222 -0.160906
0.666896 0.101681 0.738181
0.163961 0.781097 0.602498
0.663845 0.126313 0.737126
0.579236 0.491744 0.650134
0.014491 -0.996026 0.087882
-0.138573 -0.989020 0.051351
-0.796695 -0.283645 0.533688
0.492151 -0.006019 0.870489
-0.881477 0.443302 -0.162734
0.166180 0.047233 0.984963
-0.439456 -0.877711 -0.191053
0.613131 -0.095120 0.784234
-0.130644 -0.245354 -0.960590
0.096901 -0.195875 -0.975829
-0.430640 -0.288803 -0.855069
0.663432 0.265767 0.699446
0.856725 0.285958 0.429244
0.183492 -0.263853 0.946949
0.730768 0.325552 0.599994
-0.666891 0.039906 -0.744086
0.766341 0.426120 -0.480773
0.759809 0.028407 0.649526
0.077736 0.128876 0.988609
0.530849 0.683509 -0.501014
0.583407 0.811640 -0.029626
0.477051 0.602477 0.639878
0.865284 -0.302188 -0.399957
0.024387 -0.995426 0.092375
-0.557862 0.447251 0.699111
-0.951745 -0.231492 0.201479
-0.702975 0.137465 -0.697803
-0.003299 -0.994020 -0.109145
-0.005232 -0.475297 0.879810
-0.762840 -0.076548 0.642040
-0.985444 0.125822 0.114322
0.735268 0.053281 0.675679
0.680863 -0.034004 0.731621
0.034318 0.997422 -0.063020
-0.437657 -0.300724 0.847361
0.010503 0.997637 0.067895
0.296679 -0.694100 0.655901
-0.805076 -0.331554 0.491859
-0.686664 0.166232 0.707715
0.848855 0.528623 0.001738
-0.057151 -0.039196 -0.997596
-0.536406 -0.136894 0.832784
-0.677331 0.620537 0.395166
-0.226908 -0.633896 0.739384
-0.321544 0.933490 0.158767
0.003797 0.681763 0.731563
-0.060456 0.559298 0.826759
0.692390 -0.674340 0.256635
0.398239 -0.856060 0.329494
0.301477 -0.929185 0.213839
-0.305704 -0.040301 0.951273
-0.104956 0.211032 0.971828
-0.652901 0.685433 0.322337
-0.295733 0.853569 0.428908
0.240613 0.093436 0.966113
-0.074409 -0.522313 0.849502
0.567684 -0.185397 0.802099
-0.149172 0.739334 -0.656607
-0.053220 0.795973 -0.602988
0.810729 -0.368804 0.454645
0.033258 -0.092819 -0.995127
-0.223549 -0.279474 -0.933767
-0.386494 -0.247431 -0.888482
0.555968 0.436768 0.707201
-0.156035 0.052737 -0.986343
-0.170221 0.342759 -0.923873
-0.196913 0.184783 -0.962850
0.583756 -0.248773 0.772879
0.732760 0.503857 0.457374
0.227664 0.471094 -0.852197
0.247625 0.645691 0.722333
0.415729 0.362947 0.833930
0.608788 0.112093 0.785374
0.535443 -0.245592 0.808075
-0.039133 -0.393452 -0.918512
-0.011328 0.985206 -0.170999
-0.324400 -0.881185 0.343914
0.046363 0.620127 0.783130
-0.010045 0.949632 0.313205
-0.179057 0.793187 0.582059
0.329486 0.667420 -0.667824
-0.080200 0.536539 -0.840056
0.958409 0.162464 0.234645
0.841407 0.390264 0.373802
0.332893 0.548994 0.766674
0.865132 -0.020243 0.501136
-0.241783 0.961605 -0.129835
0.541954 -0.239006 0.805706
-0.042921 -0.581056 0.812731
-0.047917 0.773864 -0.631536
-0.344614 -0.718924 0.603647
0.288060 -0.068676 0.955147
0.006575 0.993801 0.110977
0.059581 -0.429596 0.901053
0.000205 0.999429 -0.033777
0.925987 0.331598 0.180532
0.704606 -0.384346 0.596496
0.470302 0.201100 -0.859287
-0.095576 0.498473 0.861620
0.019583 0.522819 0.852219
0.238435 0.350462 -0.905718
0.005373 -0.997361 0.072397
-0.479383 -0.646117 0.593906
-0.712214 -0.411353 -0.568805
-0.038338 0.472394 -0.880553
-0.718414 0.621769 -0.311904
-0.427286 0.616554 0.661278
-0.851442 0.505889 0.138282
-0.990658 -0.031648 -0.132644
-0.721715 -0.121888 -0.681374
0.457249 -0.427714 0.779733
-0.869620 0.289960 -0.399606
0.549355 -0.043122 0.834476
0.715882 0.018994 0.697963
-0.553044 -0.678784 0.483110
0.046629 -0.998158 -0.038813
-0.806568 -0.279870 0.520693
-0.981973 -0.188483 -0.014281
-0.360859 0.383431 -0.850154
-0.279388 -0.447528 -0.849506
0.390133 0.181433 -0.902706
0.547404 0.315020 -0.775314
0.056751 0.554595 0.830183
0.869603 0.262641 -0.418103
0.988933 0.042712 -0.142080
-0.799233 -0.053705 0.598617
0.384982 -0.182626 0.904675
-0.063162 0.181718 -0.981320
0.257033 0.203368 -0.944762
0.781748 -0.326699 0.531168
-0.236416 0.295993 0.925470
0.124034 -0.990103 0.065669
0.002742 -0.999624 -0.027279
-0.666367 0.287940 -0.687783
-0.713548 0.267648 -0.647466
-0.387091 0.863484 0.323350
-0.464812 0.878018 0.114171
-0.888160 -0.006841 -0.459484
-0.144783 0.633749 0.759868
0.567205 0.749170 0.342086
0.582618 0.172755 -0.794174
-0.463066 0.093723 -0.881354
-0.659286 0.263241 0.704306
-0.706050 0.607211 0.364401
-0.283973 0.803720 0.522871
-0.555959 0.750174 0.357979
-0.571079 0.005596 0.820876
-0.898314 0.204456 0.388883
-0.003779 -0.491720 -0.870745
0.886252 -0.127698 -0.445253
-0.967176 0.146518 -0.207611
0.103788 -0.921155 -0.375101
-0.061454 -0.973569 0.219969
-0.602216 -0.751783 0.268622
-0.135753 -0.648568 0.748953
0.441947 -0.428461 -0.788102
0.103613 0.537157 -0.837094
0.679887 0.599261 -0.422657
-0.816195 -0.329841 0.474375
0.717423 0.675651 0.169707
0.799001 0.600276 0.035593
0.513096 0.260109 0.817970
-0.209176 0.783989 0.584471
-0.670211 0.658689 0.341975
-0.670359 0.577628 -0.465795
0.622915 0.782180 0.013107
0.971844 0.226321 0.065566
-0.938752 -0.249106 -0.238099
0.356911 0.409343 0.839674
0.695953 -0.348567 -0.627813
0.648400 0.454267 -0.610917
-0.584986 -0.511742 0.629215
0.269022 -0.189455 -0.944317
0.020911 -0.999550 0.021495
0.601046 -0.130427 -0.788500
-0.788603 0.304615 0.534149
0.989088 -0.137410 0.053133
0.354671 -0.929180 -0.104081
0.586647 -0.456738 0.668757
0.416256 0.050202 -0.907861
0.378214 0.045343 -0.924607
0.061817 -0.366224 -0.928471
0.289303 -0.073237 -0.954432
-0.590696 0.283008 -0.755635
-0.692141 0.685845 -0.224853
-0.560142 -0.048352 0.826984
0.872545 -0.006478 -0.488492
-0.189656 -0.870772 0.453638
-0.412820 -0.393503 0.821423
0.839150 0.140646 -0.525401
0.129426 -0.966667 -0.220915
-0.426616 -0.724070 0.541961
0.548000 0.363781 -0.753233
0.037231 -0.961317 -0.272915
0.045335 -0.998840 -0.016238
-0.589899 0.299712 0.749795
0.853919 -0.226380 -0.468588
0.341577 0.507383 0.791131
-0.560232 0.163924 -0.811953
-0.686496 0.724158 -0.065714
-0.610780 0.163032 -0.774834
-0.389485 0.810015 0.438380
0.246200 0.192585 0.949893
-0.758517 0.055753 0.649264
-0.556661 -0.219607 -0.801187
-0.331876 -0.237717 -0.912880
0.567259 0.271233 -0.777592
-0.764701 0.263344 -0.588117
-0.881825 -0.233796 0.409542
-0.005678 -0.999937 0.009675
-0.313369 -0.545446 0.777360
-0.908414 0.193392 -0.370652
-0.636819 0.274704 0.720416
0.358638 0.590269 0.723161
0.474128 0.880450 0.003125
-0.794958 -0.564776 0.221518
0.247425 -0.388587 -0.887571
0.055766 -0.061058 -0.996575
0.259662 -0.800255 -0.540526
-0.854182 -0.506409 0.117995
-0.397059 0.365324 -0.841951
-0.422901 0.407243 -0.809511
-0.026883 0.467236 -0.883724
-0.018774 -0.998283 0.055483
-0.006170 -0.999910 0.011897
0.070623 -0.620719 0.780846
-0.183624 -0.982216 -0.039178
-0.669042 0.262552 -0.695305
-0.762832 -0.116898 0.635943
-0.910415 0.308450 -0.275687
-0.518450 -0.087925 -0.850576
0.367602 0.791991 0.487461
-0.575528 0.737588 0.353173
0.889847 0.389862 0.237025
0.810286 -0.428560 -0.399716
-0.596916 0.553936 0.580385
-0.952276 0.005422 -0.305189
0.572069 -0.677123 -0.462862
0.204639 0.909617 -0.361552
0.329612 0.487540 -0.808493
-0.684496 0.602638 0.410235
-0.869538 -0.244765 0.428944
0.010688 -0.085677 0.996266
-0.166304 -0.263157 0.950311
-0.006270 0.663850 -0.747840
0.166662 -0.185812 0.968348
0.347623 0.875758 0.334973
-0.046812 0.910734 -0.410331
0.229751 0.469000 0.852792
0.953061 -0.224542 -0.203114
0.593081 0.475570 -0.649684
-0.001240 -0.136064 -0.990699
0.762890 0.591900 0.260102
-0.818185 0.251408 0.517075
0.710848 0.399028 0.579200
0.539475 0.553793 0.634255
0.373702 0.903383 0.210347
-0.798953 -0.599688 -0.045259
0.230084 0.073316 -0.970405
-0.841279 -0.032157 -0.539644
-0.837441 -0.533145 0.120201
-0.850447 0.255456 0.459871
0.531537 -0.629022 -0.567274
0.211620 0.476324 0.853424
0.241600 0.085420 0.966609
0.361309 0.931034 0.051301
-0.345236 0.297083 -0.890255
-0.024682 0.678415 -0.734264
-0.011491 0.567562 -0.823251
0.279408 -0.905460 -0.319491
-0.134797 -0.766146 -0.628371
-0.160904 -0.337887 -0.927331
-0.955367 0.063930 -0.288420
-0.886238 -0.375432 -0.271353
-0.878592 -0.286311 -0.382233
-0.410419 -0.862218 -0.296877
-0.100227 0.863714 -0.493916
0.361247 0.917385 -0.167050
0.708498 0.265675 0.653794
-0.179316 0.622133 -0.762100
0.138371 0.864365 0.483453
-0.297380 0.190954 -0.935469
-0.317661 -0.039515 -0.947381
-0.182121 0.681314 0.708974
0.357335 0.086285 0.929982
-0.030626 -0.072380 -0.996907
0.088827 0.133514 -0.987058
0.995500 0.054735 -0.077359
0.742235 0.631324 0.224761
0.303554 -0.378532 -0.874396
0.629799 -0.070057 -0.773592
0.037640 0.423646 0.905046
-0.978350 0.180408 -0.101409
-0.285375 0.487611 0.825104
0.447003 -0.526572 -0.723125
-0.088042 -0.127821 -0.987882
0.184102 0.241785 -0.952705
-0.666473 0.466147 -0.581825
-0.665211 0.344593 -0.662382
-0.301157 0.850172 -0.431871
0.148901 0.976897 0.153298
0.089098 0.529383 0.843692
-0.215035 0.465147 0.858719
-0.285215 0.488569 0.824593
-0.520757 -0.321895 -0.790693
0.322171 0.803970 -0.499838
-0.929830 0.108450 -0.351646
-0.099404 -0.423424 -0.900462
-0.829576 -0.226080 -0.510580
-0.568352 -0.299767 -0.766235
-0.387066 -0.881657 -0.269927
-0.198034 0.903468 0.380169
0.006251 0.255457 0.966800
0.054832 0.982963 -0.175435
-0.415441 0.074701 -0.906547
-0.123509 0.082191 -0.988934
0.254424 0.225342 0.940473
-0.310602 0.155231 -0.937779
0.543627 -0.422211 0.725402
0.012923 0.194108 -0.980895
0.418938 -0.907715 0.023346
-0.018369 -0.126747 -0.991765
-0.484078 -0.427475 -0.763501
-0.263667 -0.964479 -0.016113
-0.721947 -0.687908 0.074665
0.022368 -0.999685 0.011411
0.099561 -0.522008 -0.847110
0.173152 -0.123275 -0.977150
-0.501505 0.762788 -0.408225
0.188747 0.273756 0.943097
-0.705505 -0.668144 0.236316
0.230487 0.421827 0.876891
0.654211 -0.589834 -0.473397
0.559835 -0.824294 0.084403
0.940814 -0.334510 0.054511
-0.355947 0.894900 0.269175
-0.155078 0.968545 -0.194607
-0.267602 0.599599 0.754235
-0.158397 0.522968 0.837505
0.369721 0.775063 -0.512429
0.657250 -0.586663 0.473126
0.412311 0.803500 -0.429404
0.037107 0.929111 0.367934
-0.014091 0.570905 0.820895
0.373757 0.820081 0.433327
-0.020173 0.729523 -0.683659
-0.068869 0.911246 -0.406064
-0.438267 -0.574386 -0.691378
0.142703 0.989629 -0.016424
0.037434 0.721172 -0.691744
-0.888047 -0.000162 -0.459753
-0.003028 -0.999995 0.000825
-0.010783 -0.991494 0.129707
-0.918224 -0.151866 -0.365788
-0.292288 0.307064 -0.905693
0.686331 0.711496 -0.150742
0.890270 0.270522 0.366385
-0.247764 0.830059 0.499615
-0.485004 0.307159 -0.818794
0.438845 0.420739 0.793973
0.996655 0.062443 0.052715
-0.671374 -0.443251 -0.593957
-0.566981 -0.231923 -0.790408
-0.600064 -0.369582 -0.709459
-0.583185 -0.741041 -0.332797
-0.085258 -0.426750 -0.900342
-0.875410 -0.316834 -0.365068
-0.617222 -0.758573 -0.208816
-0.268224 0.154860 -0.950828
0.892750 -0.078704 0.443626
0.532446 0.447396 0.718567
0.134475 0.388941 0.911395
0.226564 0.554271 0.800907
-0.720808 -0.301848 -0.623958
-0.649346 -0.716273 -0.255546
-0.324197 0.441081 -0.836865
-0.274658 0.126280 -0.953214
-0.320052 0.926400 -0.198368
-0.905706 0.423361 0.021494
-0.696579 -0.000635 -0.717480
0.636475 0.360660 0.681780
0.827928 0.051362 0.558477
0.187219 -0.954029 -0.234047
-0.811701 0.279741 -0.512724
-0.164600 -0.038454 0.985610
-0.037808 0.592692 -0.804542
-0.323205 0.564569 0.759474
-0.486854 0.790239 -0.372150
0.211713 0.931883 0.294572
-0.146549 0.535168 -0.831937
-0.744350 -0.110445 0.658593
-0.237011 0.911692 -0.335623
-0.016045 0.514289 -0.857467
0.449469 -0.705944 -0.547376
0.975900 0.113305 0.186496
-0.017978 -0.999704 -0.016372
0.039609 -0.991299 -0.125528
0.711104 0.345432 0.612379
-0.510910 -0.773734 0.374574
0.063387 0.004739 0.997978
-0.886082 0.086704 -0.455347
0.194222 0.238337 0.951564
0.686045 -0.007989 0.727515
-0.401760 -0.678209 -0.615322
0.788475 0.373152 0.488942
-0.495784 0.440040 -0.748707
0.881634 0.170648 0.440002
0.865767 -0.087713 0.492702
0.771157 0.395053 0.499250
0.940862 0.004323 0.338762
0.612181 0.755630 -0.232932
-0.071630 0.774805 0.628129
0.792548 0.574207 -0.205316
0.777736 -0.045588 0.626936
0.002981 -0.999995 0.000874
0.574189 -0.664507 0.478265
-0.867346 -0.278547 -0.412459
0.011769 -0.999905 -0.007238
0.620593 0.678329 -0.393363
0.396682 0.632076 -0.665675
0.908557 0.341326 0.240874
-0.288033 0.274810 0.917342
0.464050 0.541097 0.701336
0.191085 0.070038 -0.979072
0.545062 0.838024 0.024969
-0.520906 -0.428854 -0.738066
0.423170 -0.850552 0.312231
-0.561554 0.821421 -0.099621
0.384133 -0.383812 0.839720
0.531697 -0.017524 0.846753
-0.196310 0.935017 -0.295307
-0.050919 0.986075 0.158315
0.811808 0.456833 0.363691
0.703928 -0.244150 0.666990
0.344338 0.576434 -0.741050
0.111752 -0.094681 -0.989215
0.377264 -0.309867 -0.872728
-0.242698 -0.865893 0.437409
-0.550071 -0.751323 0.364603
-0.178135 -0.517717 -0.836802
-0.398010 0.766426 0.504161
-0.585260 -0.810714 -0.014599
0.167579 -0.602658 -0.780206
-0.156942 0.756863 -0.634451
-0.035932 0.913847 -0.404466
0.110239 0.690994 -0.714405
0.820326 0.539002 0.191161
0.152399 0.931531 0.330188
0.052381 0.773495 -0.631634
0.978595 -0.205755 0.004058
0.983201 0.182219 -0.010557
-0.134418 -0.448911 -0.883408
-0.496572 0.659976 0.563780
-0.378456 0.843341 -0.381507
0.437421 -0.014235 -0.899144
