1292

-0.305726 -0.274658 -0.031551
-0.305726 -0.279941 -0.039901
-0.305726 -0.274658 0.031554
-0.305726 -0.299394 0.060099
-0.305726 -0.333847 0.080099
-0.305726 -0.354658 0.086906
-0.305726 -0.394658 0.091535
-0.285726 -0.434658 0.088644
-0.305726 -0.474658 0.062101
-0.305726 -0.492461 0.040099
-0.285726 -0.512402 0.020099
-0.305726 -0.500781 -0.019901
-0.285726 -0.504453 -0.039901
-0.305726 -0.474658 -0.062098
-0.285726 -0.454658 -0.082489
-0.285726 -0.414658 -0.091336
-0.305726 -0.354658 -0.086903
-0.285726 -0.334658 -0.071688
-0.285726 -0.314658 -0.056629
-0.281556 -0.294658 -0.019901
-0.281614 -0.294658 0.020099
-0.266653 -0.334658 0.060099
-0.265726 -0.366484 0.080099
-0.265726 -0.394658 0.089054
-0.265726 -0.434658 0.090734
-0.260872 -0.474658 0.080099
-0.245726 -0.482675 0.080099
-0.265726 -0.515156 0.040099
-0.246907 -0.534658 0.000099
-0.265726 -0.515254 -0.039901
-0.245726 -0.510507 -0.059901
-0.245726 -0.483066 -0.079901
-0.265726 -0.434658 -0.090750
-0.245726 -0.394658 -0.085731
-0.265726 -0.354658 -0.074051
-0.265726 -0.334658 -0.059422
-0.245726 -0.325136 -0.019901
-0.232669 -0.334658 0.020099
-0.245726 -0.350312 0.060099
-0.206712 -0.374658 0.060099
-0.225726 -0.392382 0.080099
-0.225726 -0.414658 0.088097
-0.225726 -0.454658 0.090968
-0.220618 -0.494658 0.080099
-0.205726 -0.501035 0.080099
-0.205726 -0.534658 0.051730
-0.225726 -0.543945 0.000099
-0.224153 -0.534658 -0.039901
-0.225726 -0.534003 -0.039901
-0.205726 -0.501426 -0.079901
-0.225726 -0.454658 -0.090965
-0.205726 -0.414658 -0.084950
-0.225726 -0.374658 -0.069500
-0.225726 -0.354658 -0.050223
-0.225726 -0.347675 -0.039901
-0.225726 -0.339375 0.020099
-0.185726 -0.362812 0.020099
-0.165726 -0.369922 0.000099
-0.185726 -0.374658 -0.046649
-0.165726 -0.394658 -0.060262
-0.185726 -0.434658 -0.088250
-0.185726 -0.474658 -0.090711
-0.169915 -0.514658 -0.079901
-0.165726 -0.534658 -0.066961
-0.185726 -0.549199 -0.039901
-0.165726 -0.565117 0.000099
-0.165726 -0.555449 0.040099
-0.185726 -0.535078 0.060099
-0.185726 -0.514658 0.076789
-0.165726 -0.474658 0.091398
-0.185726 -0.434658 0.088254
-0.185726 -0.394658 0.068449
-0.185726 -0.374658 0.046652
-0.145726 -0.380644 0.020099
-0.160403 -0.374658 -0.019901
-0.145726 -0.394658 -0.050672
-0.125726 -0.414658 -0.065770
-0.145726 -0.454658 -0.089422
-0.125726 -0.494658 -0.090614
-0.145726 -0.534658 -0.071746
-0.125726 -0.554658 -0.057293
-0.125726 -0.574658 -0.010985
-0.145726 -0.568281 0.020099
-0.125726 -0.552265 0.060099
-0.145726 -0.521640 0.080099
-0.125726 -0.474658 0.091359
-0.126458 -0.434658 0.080099
-0.125726 -0.414658 0.065773
-0.127122 -0.394658 0.040099
-0.125726 -0.387714 0.020099
-0.101693 -0.394658 -0.019901
-0.105726 -0.414453 -0.059901
-0.085726 -0.419043 -0.059901
-0.085726 -0.454658 -0.084852
-0.105726 -0.514658 -0.087118
-0.105726 -0.534658 -0.078133
-0.105726 -0.556601 -0.059901
-0.085726 -0.580429 -0.019901
-0.105726 -0.577070 0.020099
-0.085726 -0.559863 0.060099
-0.086575 -0.534658 0.080099
-0.085726 -0.514658 0.088214
-0.085726 -0.454658 0.084855
-0.085726 -0.434658 0.073957
-0.105726 -0.414629 0.060099
-0.065726 -0.402265 0.020099
-0.045726 -0.404980 -0.019901
-0.045726 -0.425273 -0.059901
-0.065726 -0.447519 -0.079901
-0.065726 -0.494658 -0.091551
-0.045726 -0.534658 -0.082664
-0.045726 -0.564707 -0.059901
-0.065726 -0.576015 -0.039901
-0.045726 -0.584882 0.020099
-0.045726 -0.574658 0.046047
-0.045726 -0.539687 0.080099
-0.065726 -0.514658 0.088976
-0.045726 -0.454658 0.082316
-0.045726 -0.434658 0.069211
-0.025726 -0.414658 0.041750
-0.025726 -0.404531 0.000099
-0.025726 -0.413730 -0.039901
-0.025726 -0.426953 -0.059901
-0.025726 -0.454658 -0.081532
-0.005726 -0.494658 -0.091532
-0.005726 -0.541953 -0.079901
-0.025726 -0.565976 -0.059901
-0.005726 -0.586699 -0.019901
-0.025726 -0.586113 0.020099
-0.005726 -0.566367 0.060099
-0.025726 -0.541015 0.080099
-0.005726 -0.494658 0.091535
-0.025726 -0.454658 0.081535
-0.005726 -0.427871 0.060099
0.014274 -0.414375 0.040099
0.014274 -0.405097 0.000099
0.034274 -0.413105 -0.039901
0.014274 -0.434658 -0.067274
0.034274 -0.454658 -0.081825
0.014274 -0.514658 -0.089852
0.014274 -0.541797 -0.079901
0.014274 -0.574658 -0.048739
0.014274 -0.586543 -0.019901
0.034274 -0.578632 0.040099
0.014274 -0.566211 0.060099
0.014274 -0.534658 0.083488
0.014274 -0.494658 0.091535
0.034274 -0.451386 0.080099
0.054274 -0.424453 0.060099
0.074274 -0.414658 0.051496
0.074274 -0.398496 0.000099
0.054274 -0.414658 -0.046707
0.074274 -0.434658 -0.072391
0.054274 -0.474658 -0.089500
0.074274 -0.514658 -0.088680
0.054274 -0.554658 -0.069149
0.074274 -0.574658 -0.040536
0.074274 -0.584218 0.000099
0.054274 -0.577109 0.040099
0.054274 -0.554658 0.069152
0.074274 -0.534658 0.081086
0.074274 -0.474658 0.090031
0.094274 -0.454658 0.085500
0.074274 -0.421406 0.060099
0.094274 -0.403769 0.040099
0.126471 -0.434658 0.080099
0.114274 -0.438027 0.080099
0.114274 -0.514658 0.086515
0.134274 -0.534658 0.073957
0.114274 -0.568281 0.040099
0.134274 -0.571113 0.020099
0.114274 -0.574658 -0.023231
0.134274 -0.554658 -0.054793
0.114274 -0.529804 -0.079901
0.134274 -0.494658 -0.090262
0.114274 -0.437656 -0.079901
0.134274 -0.414658 -0.068153
0.126804 -0.394658 -0.039901
0.134274 -0.392187 -0.039901
0.114274 -0.394658 0.031261
0.154274 -0.384863 0.040099
0.174274 -0.394658 0.063918
0.194274 -0.374658 0.052629
0.174274 -0.368457 0.020099
0.174274 -0.374658 -0.037059
0.174274 -0.376113 -0.039901
0.194274 -0.408476 -0.079901
0.194274 -0.434658 -0.089129
0.174274 -0.494658 -0.087430
0.194274 -0.514658 -0.074793
0.174274 -0.539082 -0.059901
0.191296 -0.554658 -0.019901
0.194274 -0.554658 0.014855
0.194274 -0.546132 0.040099
0.174274 -0.534658 0.064445
0.174274 -0.512812 0.080099
0.194274 -0.454658 0.091535
0.181608 -0.414658 0.080099
0.214274 -0.394658 0.078000
0.234274 -0.394658 0.083254
0.254274 -0.354658 0.068625
0.254274 -0.334658 0.050070
0.254274 -0.318554 0.020099
0.254274 -0.318496 -0.019901
0.234274 -0.354658 -0.056668
0.234274 -0.374658 -0.073094
0.234274 -0.394658 -0.083250
0.234274 -0.434658 -0.091512
0.254274 -0.474658 -0.081766
0.234274 -0.514658 -0.061141
0.254274 -0.521015 -0.039901
0.254274 -0.531191 0.000099
0.254274 -0.520898 0.040099
0.234274 -0.514658 0.061144
0.234274 -0.488339 0.080099
0.254274 -0.434658 0.091339
0.274274 -0.414658 0.091574
0.274274 -0.374658 0.085500
0.294274 -0.343984 0.080099
0.274274 -0.328437 0.060099
0.274274 -0.310957 0.040099
0.274274 -0.301445 -0.019901
0.294274 -0.294658 -0.043602
0.274274 -0.328222 -0.059901
0.294274 -0.354658 -0.084090
0.294274 -0.394658 -0.091434
0.274274 -0.454658 -0.085125
0.294274 -0.474658 -0.068114
0.274274 -0.495742 -0.059901
0.281725 -0.514658 -0.019901
0.274274 -0.514658 0.031867
0.274274 -0.495547 0.060099
0.294274 -0.454707 0.080099
0.294343 -0.454658 0.080099
0.334274 -0.434658 0.076007
0.334274 -0.394658 0.089347
0.314274 -0.354658 0.088566
0.314274 -0.325820 0.080099
0.334274 -0.274658 0.065129
0.334274 -0.254658 0.049953
0.314274 -0.256015 0.000099
0.327077 -0.254658 -0.039901
0.334274 -0.274658 -0.065125
0.334274 -0.304726 -0.079901
0.334274 -0.334658 -0.088348
0.314274 -0.394658 -0.091278
0.334274 -0.426621 -0.079901
0.334274 -0.454658 -0.062391
0.332878 -0.474658 -0.039901
0.315514 -0.494658 -0.019901
0.314274 -0.494658 0.022707
0.334274 -0.473554 0.040099
0.337761 -0.454658 0.060099
0.354274 -0.467695 -0.019901
0.354274 -0.458906 -0.039901
0.374274 -0.434658 -0.050653
0.374274 -0.425332 -0.059901
0.354274 -0.374658 -0.089696
0.354274 -0.334658 -0.091043
0.374274 -0.294658 -0.089188
0.354274 -0.254658 -0.068543
0.374274 -0.254004 -0.079901
0.354274 -0.214658 -0.039286
0.355554 -0.194658 0.000099
0.366100 -0.194658 0.040099
0.374274 -0.234658 0.073000
0.354274 -0.239980 0.060099
0.374274 -0.294658 0.089172
0.354274 -0.334658 0.091047
0.374274 -0.374658 0.085656
0.354274 -0.414658 0.077902
0.374274 -0.425097 0.060099
0.374274 -0.451777 0.020099
0.394274 -0.434658 0.019367
0.383639 -0.434658 -0.039901
0.394274 -0.406855 -0.059901
0.414274 -0.414658 -0.022332
0.434274 -0.397773 0.000099
0.414274 -0.414658 0.022336
0.434274 -0.374658 0.050714
0.434274 -0.354658 0.066066
0.414274 -0.334658 0.084484
0.414274 -0.294658 0.090871
0.434274 -0.234658 0.091496
0.414274 -0.194658 0.082687
0.425436 -0.154658 0.080099
0.434274 -0.134658 0.081164
0.434274 -0.114658 0.078039
0.454274 -0.094658 0.085363
0.451979 -0.034658 0.080099
0.453405 0.005342 0.080099
0.452663 0.025342 0.080099
0.448268 0.065342 0.080099
0.454274 0.085342 0.084601
0.434274 0.105342 0.076593
0.414274 0.145342 0.070871
0.414274 0.182481 0.080099
0.394675 0.165342 0.060099
0.394274 0.128321 0.040099
0.401022 0.105342 0.040099
0.414274 0.105342 0.059582
0.405300 0.045342 0.020099
0.402409 0.065342 -0.019901
0.405690 0.085342 -0.039901
0.398542 0.085342 -0.019901
0.393698 0.105342 -0.019901
0.378405 0.145342 0.000099
0.394274 0.128008 -0.039901
0.385495 0.185342 -0.059901
0.362975 0.185342 -0.019901
0.363014 0.185342 0.020099
0.374274 0.205342 0.058937
0.363757 0.225342 0.060099
0.374274 0.254629 0.080099
0.354274 0.281797 0.080099
0.354274 0.325342 0.090129
0.374274 0.385342 0.082394
0.374274 0.405342 0.073625
0.374274 0.425342 0.059894
0.374274 0.445342 0.035519
0.374274 0.454688 0.000099
0.374274 0.445342 -0.035516
0.374274 0.425342 -0.059891
0.374274 0.405342 -0.073621
0.374274 0.391993 -0.079901
0.374274 0.345342 -0.090770
0.354274 0.285342 -0.081278
0.354274 0.265342 -0.073661
0.363561 0.225342 -0.059901
0.360104 0.205342 -0.039901
0.347936 0.225342 -0.039901
0.354274 0.205342 0.027140
0.350573 0.245342 0.060099
0.351432 0.285342 0.080099
0.334206 0.305342 0.080099
0.314274 0.325821 0.080099
0.294274 0.310645 0.060099
0.314274 0.285342 0.055949
0.314274 0.270450 0.040099
0.294274 0.285342 -0.028446
0.294274 0.305342 -0.055399
0.294274 0.325342 -0.070594
0.294274 0.345342 -0.080653
0.294274 0.385342 -0.090731
0.314274 0.425342 -0.085926
0.294274 0.465342 -0.074442
0.294274 0.485342 -0.058700
0.298112 0.505342 -0.019901
0.314274 0.495391 0.020099
0.314274 0.485342 0.042922
0.294274 0.454707 0.080099
0.314274 0.425342 0.085929
0.314274 0.385342 0.091574
0.274274 0.360137 0.080099
0.254274 0.365342 0.075422
0.254274 0.405342 0.089660
0.274274 0.465342 0.080890
0.274274 0.485342 0.068996
0.254274 0.520899 0.040099
0.261159 0.525342 0.020099
0.254274 0.525342 -0.030594
0.256159 0.505342 -0.059901
0.274274 0.467461 -0.079901
0.274274 0.445342 -0.087860
0.254274 0.385342 -0.084442
0.254274 0.365342 -0.075438
0.254274 0.343946 -0.059901
0.274274 0.310821 -0.039901
0.254274 0.315684 0.000099
0.274274 0.310957 0.040099
0.254274 0.344160 0.060099
0.234274 0.333536 0.020099
0.245456 0.325342 -0.019901
0.229284 0.345342 -0.039901
0.214274 0.354864 -0.039901
0.214274 0.398360 -0.079901
0.234274 0.425342 -0.090828
0.214274 0.485342 -0.085301
0.234274 0.505342 -0.069403
0.214274 0.538692 -0.039901
0.222311 0.545342 0.000099
0.214274 0.538594 0.040099
0.234274 0.515664 0.060099
0.214274 0.485342 0.085285
0.234274 0.445342 0.091359
0.214274 0.398750 0.080099
0.222761 0.365342 0.060099
0.234274 0.358067 0.060099
0.212253 0.345342 0.000099
0.195866 0.365342 -0.039901
0.174274 0.376114 -0.039901
0.174274 0.417403 -0.079901
0.194274 0.445342 -0.090868
0.174274 0.505342 -0.083621
0.194274 0.525342 -0.066610
0.174274 0.552930 -0.039901
0.194274 0.555938 0.000099
0.174274 0.545342 0.052257
0.194274 0.525342 0.066613
0.174274 0.485342 0.089679
0.194274 0.445342 0.090871
0.174274 0.405342 0.072589
0.174274 0.385342 0.053859
0.180710 0.365342 0.020099
0.180612 0.365342 -0.019901
0.152800 0.385342 -0.039901
0.154274 0.398946 -0.059901
0.154274 0.425196 -0.079901
0.134274 0.431934 -0.079901
0.134274 0.505342 -0.087899
0.154274 0.525342 -0.076532
0.134274 0.550411 -0.059901
0.134274 0.571153 -0.019901
0.154274 0.566036 0.020099
0.134274 0.550235 0.060099
0.154274 0.525342 0.076535
0.154274 0.505342 0.086105
0.134274 0.445342 0.085812
0.154274 0.425342 0.079972
0.134274 0.392286 0.040099
0.134274 0.384844 0.020099
0.125788 0.385342 0.000099
0.094274 0.403672 -0.039901
0.114274 0.412188 -0.059901
0.094274 0.445342 -0.081453
0.114274 0.485342 -0.091551
0.094274 0.533711 -0.079901
0.114274 0.554922 -0.059901
0.094274 0.579102 -0.019901
0.114274 0.575430 0.020099
0.094274 0.558477 0.060099
0.114274 0.529434 0.080099
0.094274 0.485342 0.091535
0.114274 0.445342 0.083625
0.094274 0.417383 0.060099
0.114274 0.398575 0.040099
0.074274 0.400762 0.020099
0.074274 0.405342 -0.034422
0.054274 0.425342 -0.061102
0.074274 0.446192 -0.079901
0.054274 0.505342 -0.090887
0.074274 0.536875 -0.079901
0.054274 0.565342 -0.058270
0.074274 0.581993 -0.019901
0.054274 0.584161 0.020099
0.074274 0.565342 0.055422
0.054274 0.538887 0.080099
0.074274 0.505342 0.090558
0.054274 0.449414 0.080099
0.074274 0.425342 0.064269
0.054274 0.405342 0.025402
0.034274 0.403907 0.000099
0.014274 0.414375 0.040099
0.014274 0.445342 0.075734
0.034274 0.465342 0.086339
0.034274 0.525342 0.086769
0.034274 0.545342 0.077257
0.014274 0.579473 0.040099
0.014274 0.586504 0.020099
0.014274 0.585342 -0.024696
0.034274 0.565528 -0.059901
0.034274 0.540899 -0.079901
0.034274 0.505342 -0.091082
0.034274 0.451016 -0.079901
0.014274 0.427481 -0.059901
0.034274 0.406114 -0.019901
-0.005726 0.405342 -0.002274
-0.005726 0.407559 0.020099
-0.005726 0.425342 0.057082
-0.005726 0.452637 0.080099
-0.025726 0.485342 0.090890
-0.005726 0.541582 0.080099
-0.025726 0.565342 0.060617
-0.025726 0.585342 0.023254
-0.005726 0.588887 0.000099
-0.005726 0.579727 -0.039901
-0.005726 0.565342 -0.061239
-0.025726 0.525342 -0.086942
-0.005726 0.485342 -0.090809
-0.025726 0.445342 -0.076082
-0.005726 0.425342 -0.057078
-0.025726 0.405342 -0.012078
-0.065726 0.405342 -0.030614
-0.045726 0.425274 -0.059901
-0.065726 0.447520 -0.079901
-0.045726 0.485342 -0.091063
-0.065726 0.537989 -0.079901
-0.045726 0.564707 -0.059901
-0.065726 0.583028 -0.019901
-0.065726 0.582989 0.020099
-0.065726 0.565342 0.056769
-0.045726 0.545342 0.076711
-0.065726 0.505342 0.090714
-0.045726 0.465342 0.086691
-0.065726 0.425342 0.062843
-0.045726 0.412090 0.040099
-0.045726 0.405020 0.020099
-0.105726 0.393594 -0.019901
-0.105726 0.405342 -0.047879
-0.085726 0.425342 -0.066356
-0.105726 0.465342 -0.089383
-0.085726 0.505342 -0.090262
-0.105726 0.545342 -0.070672
-0.085726 0.565342 -0.053250
-0.105726 0.579336 0.000099
-0.085726 0.573282 0.040099
-0.105726 0.545342 0.070675
-0.085726 0.525342 0.084582
-0.105726 0.465342 0.089367
-0.085726 0.444493 0.080099
-0.105726 0.405342 0.047863
-0.105726 0.400918 0.040099
-0.137103 0.405342 0.060099
-0.145726 0.425342 0.078332
-0.125726 0.465342 0.090304
-0.145726 0.505342 0.086945
-0.125726 0.526836 0.080099
-0.145726 0.561036 0.040099
-0.125726 0.573047 0.020099
-0.125726 0.573086 -0.019901
-0.145726 0.547500 -0.059901
-0.145726 0.525342 -0.078035
-0.145726 0.522012 -0.079901
-0.125726 0.465342 -0.090321
-0.145726 0.425342 -0.078328
-0.125726 0.405342 -0.055828
-0.125726 0.387676 -0.019901
-0.145726 0.378262 0.000099
-0.165726 0.380059 0.040099
-0.185726 0.385489 0.060099
-0.185726 0.425342 0.085422
-0.185726 0.465342 0.091476
-0.165726 0.515645 0.080099
-0.185726 0.535079 0.060099
-0.185726 0.556504 0.020099
-0.165726 0.562832 -0.019901
-0.165726 0.541778 -0.059901
-0.185726 0.509161 -0.079901
-0.185726 0.465342 -0.091493
-0.165726 0.425342 -0.082078
-0.185726 0.385342 -0.059950
-0.165726 0.379961 -0.039901
-0.165726 0.369922 0.000099
-0.185726 0.365342 0.028273
-0.225726 0.347793 0.040099
-0.205726 0.385342 0.068996
-0.205726 0.405342 0.081105
-0.205726 0.465342 0.090832
-0.225726 0.492344 0.080099
-0.225726 0.519473 0.060099
-0.225726 0.541504 0.020099
-0.225726 0.541563 -0.019901
-0.225726 0.525342 -0.053289
-0.225726 0.519649 -0.059901
-0.205726 0.485342 -0.086532
-0.225726 0.425342 -0.090223
-0.225726 0.391973 -0.079901
-0.222435 0.365342 -0.059901
-0.225726 0.345342 -0.035575
-0.216497 0.345342 0.020099
-0.245521 0.325342 0.020099
-0.257044 0.325342 0.040099
-0.245726 0.365342 0.071886
-0.245726 0.385342 0.082355
-0.245726 0.445342 0.090851
-0.265726 0.471953 0.080099
-0.265726 0.500176 0.060099
-0.265726 0.523047 0.020099
-0.245726 0.535196 0.000099
-0.245726 0.525342 -0.039442
-0.245726 0.510508 -0.059901
-0.245726 0.485342 -0.078739
-0.265726 0.445342 -0.089032
-0.245726 0.405342 -0.088602
-0.265726 0.365342 -0.079578
-0.245726 0.345342 -0.055106
-0.245726 0.325342 -0.020614
-0.265726 0.306114 0.000099
-0.269993 0.305342 0.020099
-0.305726 0.305342 0.064582
-0.305726 0.333848 0.080099
-0.285726 0.385342 0.089894
-0.305726 0.425342 0.087609
-0.305726 0.465342 0.069601
-0.305726 0.485342 0.050636
-0.285726 0.505342 0.038254
-0.298118 0.505342 -0.019901
-0.285726 0.489239 -0.059901
-0.285726 0.465342 -0.077489
-0.305726 0.425342 -0.087625
-0.285726 0.385342 -0.089891
-0.292122 0.345342 -0.079901
-0.305726 0.305342 -0.064598
-0.305726 0.299141 -0.059901
-0.285726 0.287520 0.000099
-0.300833 0.285342 0.040099
-0.318607 0.265342 0.040099
-0.345726 0.285342 0.077492
-0.325726 0.325342 0.083898
-0.345726 0.365342 0.091379
-0.325726 0.425342 0.083078
-0.325726 0.445342 0.073605
-0.325726 0.465342 0.058175
-0.329603 0.485342 0.020099
-0.329681 0.485342 -0.019901
-0.325726 0.465342 -0.058172
-0.345726 0.425342 -0.076141
-0.345726 0.417383 -0.079901
-0.325726 0.365342 -0.091239
-0.345726 0.305342 -0.084266
-0.345726 0.291660 -0.079901
-0.325726 0.265342 -0.049793
-0.325726 0.245342 -0.020946
-0.325726 0.241270 0.000099
-0.325726 0.245342 0.020929
-0.335696 0.265342 0.060099
-0.365726 0.265342 0.079621
-0.366771 0.265342 0.080099
-0.385726 0.325342 0.091261
-0.365726 0.385342 0.085011
-0.365726 0.405342 0.077550
-0.385726 0.425342 0.049738
-0.385726 0.442051 0.020099
-0.381985 0.445342 -0.019901
-0.365726 0.432715 -0.059901
-0.365726 0.405342 -0.077547
-0.385726 0.365342 -0.085008
-0.385726 0.325342 -0.091258
-0.365726 0.285342 -0.085340
-0.365726 0.245342 -0.071961
-0.385726 0.245342 -0.082411
-0.425726 0.245342 -0.091375
-0.405726 0.305342 -0.090946
-0.405726 0.345342 -0.084383
-0.425726 0.373828 -0.059901
-0.414486 0.405342 -0.039901
-0.425726 0.405342 -0.014032
-0.425726 0.405342 0.014035
-0.405726 0.413985 0.040099
-0.425726 0.393379 0.040099
-0.425726 0.345342 0.076105
-0.405726 0.325342 0.088664
-0.405726 0.285342 0.091554
-0.425726 0.225342 0.090265
-0.413001 0.185342 0.080099
-0.425726 0.145342 0.078468
-0.428724 0.145342 0.080099
-0.445726 0.205342 0.091339
-0.465726 0.245342 0.086789
-0.465726 0.276504 0.080099
-0.445726 0.325342 0.073547
-0.448919 0.345342 0.060099
-0.459036 0.365342 0.020099
-0.459095 0.365342 -0.019901
-0.445726 0.349746 -0.059901
-0.465726 0.305342 -0.069500
-0.485726 0.305342 -0.050457
-0.485726 0.329102 -0.019901
-0.485726 0.329024 0.020099
-0.500950 0.305342 0.020099
-0.489251 0.285342 0.060099
-0.505726 0.245342 0.064699
-0.525169 0.245342 0.040099
-0.525726 0.265342 0.001984
-0.512669 0.285342 -0.019901
-0.505726 0.265342 -0.054207
-0.505726 0.225342 -0.072157
-0.525726 0.225342 -0.052996
-0.545726 0.215469 -0.019901
-0.541673 0.225342 0.020099
-0.527845 0.205342 0.060099
-0.525726 0.165342 0.074074
-0.555560 0.165342 0.040099
-0.552337 0.125342 0.060099
-0.565726 0.085342 0.052804
-0.545726 0.085342 0.073156
-0.565726 0.027364 0.060099
-0.585726 0.025342 0.021808
-0.585286 0.065342 0.000099
-0.577962 0.045342 -0.039901
-0.565726 0.085342 -0.052801
-0.582689 0.085342 0.000099
-0.569993 0.105342 0.040099
-0.565726 0.126289 0.040099
-0.565726 0.145342 -0.029286
-0.547591 0.145342 -0.059901
-0.541888 0.165342 -0.059901
-0.535384 0.185342 -0.059901
-0.565228 0.165342 0.000099
-0.549564 0.205342 0.020099
-0.549622 0.205342 -0.019901
-0.516146 0.165342 -0.079901
-0.485726 0.205342 -0.086473
-0.483275 0.245342 -0.079901
-0.472591 0.265342 -0.079901
-0.460775 0.285342 -0.079901
-0.485726 0.291660 -0.059901
-0.501009 0.305342 -0.019901
-0.500579 0.265342 -0.059901
-0.445726 0.185342 -0.090418
-0.465726 0.125342 -0.090360
-0.445726 0.085342 -0.080711
-0.445726 0.045342 -0.077352
-0.465726 0.045342 -0.086805
-0.445726 -0.014658 -0.076004
-0.449017 -0.054658 -0.079901
-0.465726 -0.094658 -0.088914
-0.425726 -0.094658 -0.068387
-0.410911 -0.054658 -0.039901
-0.406068 -0.034658 -0.019901
-0.407513 0.005342 -0.019901
-0.425726 0.005342 -0.057547
-0.412044 0.045342 -0.039901
-0.405013 0.045342 -0.019901
-0.405726 0.038985 0.020099
-0.405726 0.085342 0.040050
-0.405726 0.065342 -0.031493
-0.400931 0.105342 -0.039901
-0.385726 0.125342 -0.006414
-0.393743 0.105342 0.020099
-0.388314 0.145342 0.040099
-0.385726 0.152090 0.040099
-0.378392 0.145342 0.000099
-0.385726 0.151836 -0.039901
-0.370794 0.185342 -0.039901
-0.405726 0.199961 -0.079901
-0.412611 0.185342 -0.079901
-0.425726 0.145342 -0.078465
-0.408958 0.125342 -0.059901
-0.425726 0.065342 -0.063172
-0.434603 0.125342 -0.079901
-0.365726 0.195137 -0.039901
-0.349486 0.205342 0.000099
-0.360208 0.205342 0.040099
-0.365726 0.222129 0.060099
-0.380423 0.245342 0.080099
-0.385677 0.185342 0.060099
-0.365726 0.179942 0.020099
-0.347923 0.225342 -0.039901
-0.385726 0.131582 -0.019901
-0.414739 0.105342 0.060099
-0.425726 0.125342 0.074504
-0.445726 0.085342 0.080715
-0.445726 0.045342 0.077336
-0.425726 0.025342 0.058429
-0.445726 -0.014658 0.076007
-0.425726 -0.054658 0.061574
-0.413177 -0.034658 0.040099
-0.405726 -0.014658 0.010754
-0.414368 -0.014658 0.040099
-0.403861 -0.034658 0.000099
-0.405726 -0.074658 0.035500
-0.405726 -0.114658 0.052023
-0.385726 -0.131718 0.020099
-0.391087 -0.114658 -0.019901
-0.405726 -0.114658 -0.052020
-0.396400 -0.094658 -0.019901
-0.425726 -0.134658 -0.076375
-0.425726 -0.152832 -0.079901
-0.408294 -0.194658 -0.079901
-0.385726 -0.214658 -0.072762
-0.405726 -0.254658 -0.089754
-0.365726 -0.254658 -0.075789
-0.380872 -0.194658 -0.059901
-0.368236 -0.174658 -0.019901
-0.365726 -0.179941 0.020099
-0.385726 -0.185234 0.060099
-0.385726 -0.234658 0.079425
-0.345726 -0.234658 0.046105
-0.345726 -0.214658 0.016964
-0.346439 -0.214658 -0.019901
-0.333216 -0.234658 -0.019901
-0.345726 -0.251836 -0.059901
-0.325726 -0.294658 -0.071024
-0.310052 -0.294658 -0.059901
-0.315384 -0.254658 0.000099
-0.325726 -0.256543 0.040099
-0.328118 -0.274658 0.060099
-0.345726 -0.292226 0.080099
-0.345726 -0.314658 0.086652
-0.345726 -0.354658 0.091554
-0.325726 -0.394658 0.090402
-0.345726 -0.434658 0.070773
-0.345726 -0.454658 0.054113
-0.345726 -0.473984 0.020099
-0.325726 -0.487949 0.020099
-0.332864 -0.474658 -0.039901
-0.345726 -0.465371 -0.039901
-0.345726 -0.417382 -0.079901
-0.325726 -0.394658 -0.090399
-0.345726 -0.334658 -0.090164
-0.325726 -0.313847 -0.079901
-0.359388 -0.274658 -0.079901
-0.405726 -0.274658 -0.091278
-0.405726 -0.354658 -0.081551
-0.405726 -0.374658 -0.073231
-0.386068 -0.414658 -0.059901
-0.385726 -0.432812 -0.039901
-0.405726 -0.426855 0.000099
-0.385726 -0.432675 0.040099
-0.405726 -0.394658 0.060519
-0.405726 -0.374658 0.073234
-0.385726 -0.334658 0.090578
-0.405726 -0.294658 0.091476
-0.385726 -0.236933 0.080099
-0.405726 -0.200761 0.080099
-0.405726 -0.174658 0.072980
-0.425726 -0.154658 0.080246
-0.425726 -0.134658 0.076359
-0.445726 -0.114658 0.083839
-0.465726 -0.074658 0.087961
-0.465726 -0.034658 0.086496
-0.451966 0.025342 0.080099
-0.465726 0.065342 0.087550
-0.465726 0.105342 0.089445
-0.485726 0.145342 0.091047
-0.505726 0.185342 0.081691
-0.492513 0.225342 0.080099
-0.515775 0.165342 0.080099
-0.505726 0.125342 0.088410
-0.525726 0.065342 0.085597
-0.505726 0.025342 0.091105
-0.525726 -0.034658 0.086632
-0.505726 -0.074658 0.090480
-0.525726 -0.130254 0.080099
-0.519075 -0.154658 0.080099
-0.505726 -0.193906 0.080099
-0.505726 -0.214658 0.075285
-0.485726 -0.214658 0.085089
-0.485726 -0.254658 0.075929
-0.465726 -0.294658 0.074074
-0.445726 -0.274658 0.087687
-0.445726 -0.234658 0.091339
-0.445726 -0.174658 0.089699
-0.485726 -0.134658 0.091300
-0.465726 -0.314658 0.064738
-0.465726 -0.334658 0.050812
-0.465726 -0.354658 0.025129
-0.465726 -0.360449 0.000099
-0.458607 -0.354658 -0.039901
-0.457161 -0.334658 -0.059901
-0.445726 -0.314658 -0.077762
-0.445726 -0.294658 -0.083719
-0.445726 -0.254658 -0.090125
-0.465726 -0.194658 -0.091258
-0.445726 -0.154658 -0.087996
-0.437552 -0.114658 -0.079901
-0.505726 -0.114658 -0.089051
-0.485726 -0.054658 -0.091180
-0.505726 0.005342 -0.091160
-0.485726 0.045342 -0.091102
-0.505726 0.105342 -0.089500
-0.485726 0.145342 -0.091043
-0.527279 0.125342 -0.079901
-0.535228 0.085342 -0.079901
-0.525726 0.045342 -0.086356
-0.545726 0.045342 -0.076493
-0.525726 -0.014658 -0.086942
-0.539212 -0.054658 -0.079901
-0.545726 -0.094658 -0.071981
-0.529720 -0.114658 -0.079901
-0.525726 -0.154658 -0.076219
-0.538958 -0.174658 -0.059901
-0.525726 -0.211191 -0.059901
-0.525726 -0.214658 -0.058368
-0.525726 -0.244375 -0.039901
-0.520950 -0.274658 0.000099
-0.510442 -0.274658 0.040099
-0.505726 -0.254658 0.060285
-0.525726 -0.214658 0.058371
-0.531888 -0.194658 0.060099
-0.537708 -0.234658 0.020099
-0.537747 -0.234658 -0.019901
-0.546048 -0.214658 -0.019901
-0.545989 -0.214658 0.020099
-0.552708 -0.174658 0.040099
-0.550150 -0.134658 0.060099
-0.545726 -0.094658 0.071984
-0.565726 -0.074658 0.054855
-0.545726 -0.034658 0.077004
-0.565726 -0.034658 0.059640
-0.585726 -0.033379 0.020099
-0.585726 -0.061191 0.000099
-0.578997 -0.094658 0.020099
-0.581263 -0.094658 0.000099
-0.565726 -0.114658 -0.044715
-0.565726 -0.054658 -0.057762
-0.585726 -0.054658 -0.010828
-0.586536 -0.014658 -0.019901
-0.585726 0.025342 -0.021805
-0.585726 0.005342 0.023839
-0.579720 0.005342 -0.039901
-0.565726 0.030743 -0.059901
-0.579564 -0.014658 -0.039901
-0.558587 -0.094658 -0.059901
-0.565726 -0.134658 -0.035985
-0.565726 -0.155547 -0.019901
-0.565931 -0.154658 0.020099
-0.571068 -0.134658 -0.019901
-0.545726 0.005342 0.077668
-0.538861 -0.054658 0.080099
-0.528568 -0.254658 -0.019901
-0.485726 -0.294658 0.058058
-0.486810 -0.314658 0.040099
-0.505726 -0.294658 -0.025438
-0.505726 -0.274658 -0.047684
-0.505726 -0.254658 -0.060282
-0.485726 -0.240449 -0.079901
-0.485726 -0.194658 -0.087782
-0.505726 -0.134658 -0.087762
-0.467239 -0.274658 -0.079901
-0.481927 -0.334658 -0.019901
-0.485726 -0.329023 0.020099
-0.467396 -0.354658 -0.019901
-0.470950 -0.314658 0.060099
-0.425726 -0.214658 -0.089286
-0.425726 -0.314658 -0.085731
-0.425726 -0.354658 -0.071805
-0.442415 -0.374658 -0.039901
-0.437103 -0.394658 0.000099
-0.425726 -0.393378 0.040099
-0.425726 -0.354658 0.071808
-0.440853 -0.314658 0.080099
-0.405726 -0.413984 0.040099
-0.425726 -0.403730 -0.019901
-0.425726 -0.294658 0.089230
-0.485726 0.005342 0.090851
-0.531282 0.105342 0.080099
-0.412259 -0.114658 0.060099
-0.385726 -0.154658 0.041984
-0.365726 -0.294658 0.087355
-0.370950 -0.394658 0.080099
-0.365726 -0.432480 0.060099
-0.370775 -0.454658 0.020099
-0.370853 -0.454658 -0.019901
-0.385726 -0.414980 -0.059901
-0.365726 -0.458789 -0.019901
-0.359564 -0.454658 0.040099
-0.365726 -0.374658 -0.087684
-0.309329 -0.474658 -0.059901
-0.309017 -0.474658 0.060099
-0.325726 -0.245019 0.020099
-0.357611 -0.234658 -0.059901
-0.377103 -0.154658 0.020099
-0.384661 -0.134658 -0.019901
-0.390443 -0.174658 -0.059901
-0.412142 0.045342 0.040099
-0.426986 0.025342 -0.059901
-0.425726 -0.041347 -0.059901
-0.535384 0.245342 0.000099
-0.525726 0.244375 -0.039901
-0.477025 0.305342 0.060099
-0.445726 0.381543 -0.019901
-0.445726 0.381465 0.020099
-0.432806 0.365342 0.060099
-0.433021 0.325342 0.080099
-0.405726 0.426856 0.000099
-0.400325 0.365342 -0.079901
-0.365726 0.458789 -0.019901
-0.365726 0.458731 0.020099
-0.325482 0.245342 0.020099
-0.309329 0.265342 -0.019901
-0.305726 0.269571 0.020099
-0.317103 0.485342 -0.039901
-0.322884 0.465342 0.060099
-0.280364 0.305342 -0.039901
-0.285726 0.512442 -0.019901
-0.277142 0.465342 0.080099
-0.229290 0.345342 -0.039901
-0.240403 0.485342 0.080099
-0.195892 0.505342 -0.079901
-0.196458 0.545342 0.040099
-0.152806 0.385342 -0.039901
-0.156771 0.565342 0.020099
-0.042786 0.405342 0.020099
-0.037122 0.565342 -0.059901
0.040202 0.585342 -0.019901
0.087253 0.405342 0.040099
0.127995 0.565342 0.040099
0.164948 0.565342 0.000099
0.211686 0.525342 0.060099
0.196745 0.545342 -0.039901
0.240417 0.485342 0.080099
0.245202 0.525342 -0.039901
0.280495 0.305342 0.040099
0.290983 0.285342 -0.019901
0.292292 0.485342 -0.059901
0.283932 0.505342 0.040099
0.334274 0.405342 0.087121
0.349948 0.445342 0.060099
0.334274 0.482129 0.020099
0.354274 0.467696 -0.019901
0.329675 0.485342 -0.019901
0.323190 0.465342 -0.059901
0.334274 0.425342 -0.080457
0.334274 0.345342 -0.090067
0.334274 0.285342 -0.071239
0.318483 0.265342 -0.039901
0.322682 0.245342 0.000099
0.318600 0.265342 0.040099
0.350378 0.245342 -0.059901
0.392194 0.225342 -0.079901
0.394274 0.245342 -0.085536
0.414274 0.285342 -0.091375
0.394274 0.345342 -0.087528
0.414274 0.365342 -0.073153
0.395846 0.405342 -0.059901
0.414274 0.405567 -0.039901
0.414274 0.418555 0.000099
0.414274 0.405430 0.040099
0.394274 0.385342 0.073918
0.414274 0.365342 0.073156
0.394274 0.325342 0.090500
0.414274 0.285342 0.091379
0.394274 0.225342 0.080890
0.394274 0.205342 0.075031
0.454274 0.245342 0.089562
0.434274 0.285342 0.088781
0.434274 0.325342 0.079543
0.434274 0.345342 0.071203
0.450026 0.365342 0.040099
0.442389 0.385342 0.020099
0.434274 0.385342 -0.038114
0.454274 0.360196 -0.039901
0.434274 0.325342 -0.079539
0.434274 0.324258 -0.079901
0.434274 0.265342 -0.090809
0.454274 0.225342 -0.091024
0.434274 0.165342 -0.085653
0.434616 0.125342 -0.079901
0.434274 0.085342 -0.073563
0.447897 0.065342 -0.079901
0.434274 0.025342 -0.066961
0.454274 0.025342 -0.080946
0.434274 -0.034658 -0.067586
0.446354 -0.074658 -0.079901
0.454274 -0.114658 -0.087000
0.414274 -0.134658 -0.067938
0.425065 -0.154658 -0.079901
0.414274 -0.181582 -0.079901
0.414274 -0.214658 -0.086336
0.394274 -0.214658 -0.077899
0.374274 -0.194658 -0.052391
0.374274 -0.161289 -0.019901
0.374274 -0.161406 0.020099
0.394274 -0.154658 0.054679
0.381061 -0.194658 0.060099
0.391139 -0.114658 0.020099
0.391081 -0.114658 -0.019901
0.394274 -0.154658 -0.054676
0.412077 -0.114658 -0.059901
0.396413 -0.094658 -0.019901
0.394274 -0.094658 0.004523
0.414274 -0.094658 0.056515
0.413483 -0.034658 0.040099
0.404069 -0.054658 -0.019901
0.414274 -0.034658 -0.041649
0.414274 -0.014658 -0.039129
0.427389 0.025342 -0.059901
0.407077 0.025342 -0.019901
0.414274 0.005342 0.038625
0.428346 0.005342 0.060099
0.414274 -0.014658 0.039132
0.407624 -0.014658 -0.019901
0.417155 -0.094658 -0.059901
0.414274 -0.107129 0.060099
0.394167 -0.094658 0.000099
0.368229 -0.174658 -0.019901
0.394274 -0.294658 -0.091434
0.414274 -0.334658 -0.084481
0.394274 -0.374658 -0.078797
0.424987 -0.374658 -0.059901
0.454274 -0.354658 -0.046297
0.454274 -0.374658 -0.003641
0.451472 -0.374658 0.020099
0.454274 -0.354658 0.046300
0.456940 -0.334658 0.060099
0.474274 -0.294658 0.068234
0.454274 -0.274658 0.085168
0.494274 -0.274658 0.061144
0.474274 -0.234658 0.085812
0.474274 -0.194658 0.090246
0.494274 -0.134658 0.090304
0.474274 -0.094658 0.090519
0.494274 -0.034658 0.091222
0.474274 0.005342 0.088293
0.494274 0.065342 0.091379
0.474274 0.105342 0.090851
0.494274 0.165342 0.088371
0.474274 0.205342 0.089445
0.494274 0.245342 0.073547
0.474274 0.245342 0.083879
0.494274 0.302793 0.040099
0.488210 0.325342 0.020099
0.488249 0.325342 -0.019901
0.477233 0.305342 -0.059901
0.474274 0.265342 -0.079051
0.514274 0.267637 -0.039901
0.514274 0.285342 -0.011942
0.500964 0.305342 0.020099
0.515358 0.265342 0.040099
0.514274 0.237305 0.060099
0.527858 0.205342 0.060099
0.535202 0.185342 0.060099
0.549557 0.205342 0.020099
0.554274 0.185342 -0.028250
0.534274 0.188516 -0.059901
0.547604 0.145342 -0.059901
0.554274 0.117286 -0.059901
0.534987 0.085342 -0.079901
0.534274 0.045342 -0.082528
0.540612 0.025342 -0.079901
0.534274 -0.014658 -0.083211
0.554274 -0.014658 -0.070985
0.534274 -0.074658 -0.081063
0.533483 -0.094658 -0.079901
0.524987 -0.134658 -0.079901
0.514274 -0.171074 -0.079901
0.534274 -0.188515 -0.059901
0.534274 -0.225078 -0.039901
0.528581 -0.254658 -0.019901
0.528522 -0.254658 0.020099
0.515495 -0.234658 0.060099
0.531882 -0.194658 0.060099
0.545983 -0.194658 0.040099
0.534274 -0.154658 0.070089
0.554274 -0.116425 0.060099
0.558307 -0.094658 0.060099
0.571764 -0.094658 0.040099
0.578893 -0.094658 0.020099
0.574274 -0.114658 -0.024266
0.574274 -0.074658 -0.040750
0.585319 -0.034658 -0.019901
0.583815 -0.054658 0.020099
0.578991 -0.014658 0.040099
0.586218 0.005342 0.020099
0.579089 -0.014658 -0.039901
0.578757 0.025342 -0.039901
0.586843 0.045342 0.000099
0.578659 0.025342 0.040099
0.574274 0.077325 0.040099
0.582565 0.085342 0.000099
0.574274 0.078086 -0.039901
0.556628 0.105342 -0.059901
0.574274 0.120176 -0.019901
0.574274 0.125342 0.014250
0.554274 0.125342 0.057863
0.562897 0.165342 0.020099
0.556686 0.185342 -0.019901
0.547428 0.145342 0.060099
0.534274 0.105342 0.078371
0.554274 0.085342 0.065793
0.539089 0.045342 0.080099
0.554274 0.005342 0.071125
0.540593 -0.014658 0.080099
0.554274 -0.054658 0.069074
0.534274 -0.087558 0.080099
0.534274 -0.114658 0.077238
0.514274 -0.154658 0.082472
0.563366 -0.054658 0.060099
0.514274 0.005342 0.089543
0.562311 0.065342 0.060099
0.514274 0.105342 0.087238
0.515768 0.165342 0.080099
0.569948 0.105342 0.040099
0.575417 0.125342 0.000099
0.565827 -0.014658 -0.059901
0.563542 -0.054658 -0.059901
0.554274 -0.114658 -0.060496
0.563893 -0.134658 -0.039901
0.574274 -0.119941 0.020099
0.554274 -0.174658 0.036886
0.555807 -0.194658 0.000099
0.554274 -0.174658 -0.036883
0.552819 -0.174658 -0.039901
0.546081 -0.194658 -0.039901
0.553444 -0.194658 0.020099
0.540143 -0.234658 0.000099
0.497272 -0.214658 0.080099
0.514274 -0.274658 0.032277
0.509889 -0.294658 0.000099
0.510554 -0.274658 -0.039901
0.494274 -0.254658 -0.070243
0.514274 -0.254658 -0.050243
0.494274 -0.194658 -0.085028
0.474274 -0.174658 -0.091200
0.474274 -0.114658 -0.091102
0.494274 -0.074658 -0.091375
0.474274 -0.014658 -0.088348
0.494274 0.025342 -0.091180
0.474274 0.085342 -0.090223
0.494274 0.125342 -0.090672
0.474274 0.185342 -0.090770
0.492917 0.225342 -0.079901
0.510690 0.245342 -0.059901
0.534167 0.225342 -0.039901
0.534274 0.245342 -0.013485
0.532917 0.245342 0.020099
0.534274 0.225342 0.039679
0.514274 0.205342 -0.072078
0.474274 0.245342 -0.083875
0.522135 0.145342 -0.079901
0.514274 0.085342 -0.088231
0.514274 -0.014658 -0.089520
0.454274 -0.174658 -0.090965
0.474274 -0.234658 -0.085828
0.467233 -0.274658 -0.079901
0.454274 -0.295605 -0.079901
0.473405 -0.334658 -0.039901
0.458600 -0.354658 -0.039901
0.454362 -0.374658 0.000099
0.494274 -0.314658 0.023156
0.494274 -0.294658 0.047765
0.497800 -0.314658 0.000099
0.486921 -0.314658 -0.039901
0.434274 -0.334658 -0.076063
0.454274 -0.294658 -0.080184
0.434274 -0.254658 -0.091356
0.514274 -0.267636 -0.039901
0.508932 0.185342 0.080099
0.494274 0.302989 -0.039901
0.463835 0.325342 -0.059901
0.474274 0.349121 0.000099
0.465554 0.345342 0.040099
0.474274 0.309610 0.060099
0.454274 0.185342 0.091339
0.454274 -0.194658 0.091515
0.374274 -0.254658 -0.080106
0.414274 0.106426 -0.059901
0.414274 0.165342 -0.076063
0.403034 0.205342 -0.079901
0.433464 0.325342 -0.079901
0.434274 0.394512 -0.019901
0.424128 0.405342 0.020099
0.432800 0.365342 0.060099
0.380612 0.385342 0.080099
0.381921 0.445342 0.020099
0.375417 0.205342 0.060099
0.374274 0.155664 0.000099
0.414733 0.105342 0.060099
0.394274 -0.222422 0.080099
0.394274 -0.294658 0.091437
0.394274 -0.371347 0.080099
0.394274 -0.406621 0.060099
0.414274 -0.415410 0.020099
0.385807 -0.414658 0.060099
0.341843 -0.234658 0.040099
0.334274 -0.233222 0.020099
0.333210 -0.234658 -0.019901
0.334274 -0.245156 -0.039901
0.309030 -0.474658 0.060099
0.302350 -0.494658 -0.039901
0.294274 -0.291953 -0.039901
0.298112 -0.274658 0.000099
0.310280 -0.294658 0.060099
0.274274 -0.521152 0.000099
0.269870 -0.314658 -0.039901
0.266647 -0.334658 0.060099
0.220612 -0.494658 0.080099
0.223913 -0.534658 0.040099
0.234274 -0.540312 0.000099
0.214274 -0.534658 -0.046844
0.221491 -0.494658 -0.079901
0.214274 -0.414658 -0.086395
0.214274 -0.370195 -0.059901
0.232604 -0.334658 -0.019901
0.196296 -0.354658 0.000099
0.214792 -0.354658 0.040099
0.154274 -0.425586 0.080099
0.168757 -0.514658 0.080099
0.168366 -0.554658 0.040099
0.154274 -0.558847 -0.039901
0.154274 -0.519550 -0.079901
0.154274 -0.454658 -0.089969
0.164909 -0.394658 -0.059901
0.154274 -0.374843 0.000099
0.094274 -0.394658 0.008625
0.101686 -0.394658 -0.019901
0.094274 -0.417207 -0.059901
0.094274 -0.494658 -0.091336
0.094274 -0.554658 -0.064168
0.094274 -0.579101 -0.019901
0.094274 -0.574658 0.034035
0.094274 -0.554658 0.064172
0.094274 -0.494658 0.091339
-0.114661 -0.554658 0.060099
-0.125189 -0.434658 -0.079901
-0.191165 -0.554658 0.020099
-0.244622 -0.334658 -0.039901
-0.241517 -0.534658 0.020099
-0.266888 -0.514658 -0.039901
-0.275872 -0.494658 0.060099

-0.698253 -0.627292 0.344888
-0.663606 -0.607629 0.436365
-0.697832 -0.626914 -0.346423
-0.538268 -0.527114 -0.657585
-0.326898 -0.357012 -0.875031
-0.205685 -0.238694 -0.949062
0.013351 0.017084 -0.999765
0.137204 0.208529 -0.968344
0.397458 0.617179 -0.679056
0.473749 0.763383 -0.439099
0.474870 0.851920 -0.220751
0.508582 0.833307 0.216668
0.443504 0.783228 0.435727
0.397586 0.617377 0.678801
0.230256 0.366276 0.901568
0.039159 0.056613 0.997628
-0.205424 -0.238391 0.949195
-0.403346 -0.472488 0.783624
-0.527743 -0.581205 0.619426
-0.674368 -0.705749 0.217133
-0.673810 -0.705018 -0.221199
-0.469466 -0.589262 -0.657550
-0.284081 -0.391978 -0.875015
-0.130146 -0.193553 -0.972419
0.069469 0.113362 -0.991122
0.232937 0.423723 -0.875328
0.219422 0.430891 -0.875321
0.411755 0.798533 -0.439092
0.419060 0.907956 -0.002179
0.412432 0.799998 0.435778
0.327766 0.681068 0.654764
0.220870 0.434091 0.873374
0.069342 0.113154 0.991155
-0.185361 -0.298010 0.936393
-0.352071 -0.470039 0.809388
-0.472554 -0.595207 0.649940
-0.588555 -0.778755 0.217128
-0.556698 -0.800723 -0.221204
-0.432601 -0.616839 -0.657546
-0.363882 -0.659731 -0.657530
-0.241288 -0.419759 -0.874976
-0.130390 -0.239933 -0.961993
0.050346 0.101013 -0.993610
0.197009 0.441595 -0.875318
0.183716 0.447233 -0.875346
0.295948 0.769463 -0.565987
0.383069 0.923717 -0.002179
0.347858 0.830135 0.435741
0.350302 0.829122 0.435712
0.184965 0.450631 0.873338
0.050266 0.100852 0.993631
-0.165549 -0.334133 0.927873
-0.335372 -0.556877 0.759878
-0.448613 -0.704958 0.549346
-0.489943 -0.754694 0.436340
-0.540091 -0.812019 -0.221194
-0.444372 -0.868105 -0.221196
-0.408836 -0.912605 -0.002184
-0.381909 -0.770574 0.510256
-0.291075 -0.693503 0.659037
-0.104579 -0.245320 0.963785
0.049492 0.125993 0.990796
0.152751 0.462475 0.873375
0.201663 0.650746 0.732026
0.288177 0.852715 0.435696
0.281156 0.959660 -0.002179
0.256694 0.860991 -0.439092
0.247061 0.712029 -0.657249
0.184588 0.511387 -0.839292
0.019957 0.056565 -0.998199
-0.104724 -0.245661 -0.963682
-0.282339 -0.600307 -0.748275
-0.381680 -0.770112 -0.511124
-0.348640 -0.910781 -0.221197
-0.384161 -0.897368 0.217144
-0.288201 -0.780834 0.554291
-0.201447 -0.664983 0.719177
-0.065414 -0.204835 0.976608
0.035314 0.138317 0.989758
0.163073 0.598378 0.784443
0.172225 0.760335 0.626283
0.211957 0.969999 0.119062
0.242030 0.944822 -0.220754
0.167198 0.734906 -0.657235
0.130101 0.465524 -0.875421
-0.017138 -0.065492 -0.997706
-0.135066 -0.465008 -0.874943
-0.201425 -0.664911 -0.719250
-0.275280 -0.854928 -0.439681
-0.300764 -0.927689 -0.221209
-0.243487 -0.945284 0.217144
-0.186608 -0.732163 0.655068
-0.151276 -0.740295 0.655041
-0.069366 -0.368961 0.926853
0.061708 0.299939 0.951960
0.100900 0.510228 0.854100
0.140929 0.742526 0.654824
0.142409 0.965811 0.216631
0.175531 0.959410 -0.220730
0.113955 0.744990 -0.657270
0.077277 0.477201 -0.875390
0.043906 0.263097 -0.963770
-0.069442 -0.369365 -0.926686
-0.113783 -0.577904 -0.808134
-0.186015 -0.730149 -0.657480
-0.157126 -0.962479 -0.221235
-0.109356 -0.969992 0.217155
-0.080601 -0.751277 0.655047
-0.070702 -0.482666 0.872946
0.002620 0.018826 0.999819
0.036486 0.426851 0.903586
0.060872 0.753339 0.654809
0.101859 0.894327 0.435665
0.075810 0.972382 -0.220739
0.068346 0.861039 -0.503926
0.040774 0.481679 -0.875399
0.029833 0.233087 -0.971998
-0.043661 -0.435737 -0.899015
-0.068241 -0.650352 -0.756561
-0.054867 -0.887423 -0.457680
-0.063269 -0.997994 -0.002184
-0.055650 -0.898051 0.436358
-0.045268 -0.754222 0.655058
-0.025542 -0.453841 0.890717
-0.000305 -0.027877 0.999611
0.005062 0.487002 0.873386
0.034189 0.755049 0.654776
0.009355 0.976211 0.216619
0.042577 0.974409 -0.220714
0.007487 0.753662 -0.657219
0.022904 0.482906 -0.875372
-0.000305 -0.027925 -0.999610
-0.025563 -0.454216 -0.890525
-0.009905 -0.753364 -0.657530
0.031154 -0.897633 -0.439640
0.035491 -0.999368 -0.002184
0.074651 -0.896687 0.436325
0.022384 -0.677128 0.735525
0.033746 -0.447146 0.893824
-0.005370 0.191219 0.981533
-0.012935 0.486872 0.873377
-0.021160 0.846147 0.532529
-0.023901 0.975958 0.216642
-0.053256 0.896884 -0.439048
-0.019129 0.753435 -0.657244
-0.011028 0.409376 -0.912299
0.000724 -0.026035 -0.999661
0.036716 -0.482859 -0.874928
0.095730 -0.747333 -0.657517
0.145839 -0.812883 -0.563873
0.183636 -0.982992 -0.002184
0.111814 -0.852377 0.510834
0.103047 -0.602698 0.791288
0.023972 -0.210385 0.977325
-0.035518 0.244681 0.968953
-0.063895 0.651455 0.755992
-0.115041 0.889297 0.442624
-0.126183 0.992005 -0.002178
-0.084240 0.894524 -0.439011
-0.063893 0.651432 -0.756012
-0.063963 0.459034 -0.886113
0.028135 -0.180734 -0.983130
0.072527 -0.350421 -0.933780
0.130950 -0.742011 -0.657474
0.204532 -0.874570 -0.439651
0.135162 -0.464968 -0.874949
0.122131 -0.468536 -0.874962
-0.070973 0.318325 -0.945321
-0.143599 0.570842 -0.808405
-0.177187 0.880837 -0.439011
-0.223209 0.949457 -0.220701
-0.188706 0.948857 0.253102
-0.188545 0.778375 0.598818
-0.102946 0.476117 0.873335
-0.043943 0.160561 0.986047
0.123124 -0.471932 0.872995
0.205510 -0.634512 0.745091
0.275592 -0.856556 0.436305
0.291803 -0.851154 0.436335
0.261630 -0.902099 -0.343173
0.334550 -0.833545 -0.439635
0.288946 -0.654154 -0.698995
0.376484 -0.725498 -0.576118
0.417505 -0.881352 -0.221151
0.385996 -0.828775 0.405141
0.378672 -0.816259 0.436268
0.209228 -0.440505 0.873029
0.093196 -0.209622 0.973331
-0.098761 0.279095 0.955171
-0.203638 0.538629 0.817564
-0.232615 0.719109 0.654808
-0.318195 0.922936 0.216657
-0.326002 0.931131 -0.163456
-0.301106 0.846517 -0.439026
-0.220060 0.674561 -0.704656
-0.155881 0.457648 -0.875362
0.011519 -0.028259 -0.999534
0.194011 -0.443558 -0.874995
0.249457 -0.459969 -0.852174
0.211957 -0.357846 -0.909407
0.385148 -0.537318 -0.750300
0.506202 -0.665719 -0.548249
0.608937 -0.761784 -0.221090
0.609578 -0.762444 0.217012
0.432730 -0.654752 0.619713
0.318675 -0.509931 0.799010
0.211753 -0.357502 0.909589
0.017203 -0.033200 0.999301
-0.212411 0.395574 0.893534
-0.308323 0.676981 0.668307
-0.394695 0.808934 0.435708
-0.431543 0.902090 -0.002179
-0.394045 0.807416 -0.439099
-0.308214 0.676742 -0.668598
-0.209561 0.435929 -0.875243
-0.035518 0.059426 -0.997601
-0.000340 -0.000744 -1.000000
0.210725 -0.288731 -0.933932
0.314240 -0.367918 -0.875151
0.483051 -0.578266 -0.657473
0.594517 -0.673317 -0.439539
0.657463 -0.721565 0.216995
0.621469 -0.621684 0.476745
0.484570 -0.579699 0.655089
0.251663 -0.304088 0.918801
0.031205 -0.043054 0.998585
-0.190211 0.314265 0.930085
-0.351912 0.567227 0.744588
-0.365984 0.661343 0.654738
-0.468544 0.856453 0.216689
-0.440544 0.827009 -0.349253
-0.365055 0.659398 -0.657214
-0.263208 0.405877 -0.875206
-0.263253 0.405809 -0.875224
-0.339798 0.441213 -0.830583
-0.141403 0.165846 -0.975961
0.167628 -0.190149 -0.967339
0.335546 -0.348442 -0.875212
0.542288 -0.445572 -0.712312
0.666124 -0.507081 -0.546945
0.775781 -0.630998 -0.002182
0.710342 -0.552470 0.436110
0.542362 -0.445632 0.712218
0.359827 -0.328543 0.873260
0.184931 -0.186061 0.964978
-0.050124 0.061753 0.996832
-0.300996 0.383383 0.873166
-0.433311 0.589175 0.681993
-0.516626 0.737039 0.435741
-0.524686 0.823254 0.216698
-0.519049 0.817598 -0.249241
-0.517940 0.734113 -0.439107
-0.449523 0.604985 -0.657208
-0.589150 0.778424 0.216700
-0.549833 0.712592 0.435771
-0.543345 0.631145 0.553563
-0.499368 0.567396 0.654747
-0.138417 0.145320 0.979654
0.076913 -0.073674 0.994312
0.177029 -0.140200 0.974169
0.537434 -0.386401 0.749572
0.402840 -0.273807 0.873355
0.772647 -0.467626 0.429352
0.877469 -0.479629 -0.002181
0.793330 -0.421338 -0.439433
0.510432 -0.320209 -0.798076
0.623863 -0.422453 -0.657516
0.177321 -0.140432 -0.974082
0.077040 -0.073796 -0.994293
-0.249795 0.249161 -0.935693
-0.341284 0.398786 -0.851173
-0.498089 0.565626 -0.657248
-0.621897 0.751320 -0.220823
-0.656154 0.723994 -0.212827
-0.595414 0.674957 0.435794
-0.526035 0.542732 0.654774
-0.685234 0.686449 0.243396
-0.737089 0.675792 -0.002180
-0.684900 0.686114 -0.245275
-0.629794 0.543457 -0.554990
-0.535810 0.437349 -0.722242
-0.300159 0.241722 -0.922754
-0.100188 0.070390 -0.992476
0.033046 -0.018550 -0.999282
0.387658 -0.182498 -0.903557
0.454259 -0.165329 -0.875394
0.440899 -0.136878 -0.887058
0.504469 -0.133265 -0.853083
0.351662 -0.076841 -0.932968
0.476119 -0.040086 -0.878467
0.476506 0.006451 -0.879148
0.476269 0.029719 -0.878797
0.474859 0.074500 -0.876903
0.372488 0.074413 -0.925049
0.531093 0.129994 -0.837282
0.596420 0.209439 -0.774866
0.442281 0.195037 -0.875413
0.694881 0.291252 -0.657505
0.854199 0.278108 -0.439318
0.868832 0.228346 -0.439305
0.734842 0.187331 -0.651854
0.968573 0.113209 -0.221472
0.962698 0.161501 0.217094
0.879873 0.188877 0.436060
0.953815 0.207893 0.216835
0.943016 0.252408 0.216820
0.933497 0.358579 -0.002181
0.855933 0.277994 0.436003
0.680903 0.327502 0.655068
0.869413 0.443957 0.216849
0.868623 0.443507 -0.220897
0.670091 0.367752 -0.644777
0.640512 0.396889 -0.657437
0.399674 0.272059 -0.875354
0.378324 0.301026 -0.875360
0.128972 0.118486 -0.984544
-0.303839 -0.312831 -0.899899
-0.402975 -0.436427 -0.804452
-0.499207 -0.567291 -0.654960
-0.592669 -0.705107 -0.389318
-0.635600 -0.772015 -0.002181
-0.593050 -0.705560 0.387913
-0.499402 -0.567513 0.654620
-0.402895 -0.436340 0.804539
-0.336901 -0.352858 0.872920
-0.097163 -0.089615 0.991226
0.357411 0.287966 0.888444
0.474434 0.355441 0.805341
0.642185 0.398139 0.655045
0.781748 0.445825 0.436016
0.755343 0.489239 0.436008
0.825904 0.478726 -0.297833
0.617329 0.432108 -0.657410
0.375253 0.304774 -0.875385
0.356865 0.326087 -0.875394
0.335612 0.347924 -0.875394
0.518217 0.547030 -0.657426
0.585413 0.531542 -0.612172
0.680922 0.585983 -0.439283
0.682440 0.661727 0.310472
0.552148 0.572906 0.605731
0.426533 0.471523 0.771839
0.306088 0.359121 0.881670
0.080731 0.105543 0.991132
-0.205041 -0.277611 0.938558
-0.310851 -0.491571 0.813467
-0.397760 -0.655869 0.641578
-0.496234 -0.840660 0.216891
-0.522605 -0.823443 -0.220967
-0.479841 -0.740799 -0.470074
-0.263113 -0.406637 -0.874882
-0.205266 -0.277915 -0.938418
-0.001062 -0.001423 -0.999998
0.292968 0.384533 -0.875388
0.323351 0.464408 -0.824481
0.107640 0.171281 -0.979325
-0.237798 -0.403562 -0.883510
-0.323157 -0.571785 -0.754076
-0.394281 -0.807159 -0.439360
-0.434414 -0.873183 -0.220988
-0.410889 -0.848278 0.334058
-0.341852 -0.674092 0.654781
-0.246884 -0.420870 0.872878
-0.147676 -0.239988 0.959478
0.212210 0.321336 0.922881
0.323167 0.464143 0.824702
0.449231 0.607561 0.655028
0.595458 0.674788 0.435993
0.627283 0.778788 -0.002181
0.594235 0.673698 -0.439334
0.447794 0.605995 -0.657458
0.560580 0.798094 -0.220899
0.587944 0.779297 0.216834
0.497813 0.749740 0.435973
0.465209 0.770367 0.436023
0.230800 0.428715 0.873462
0.060383 0.109232 0.992181
-0.146700 -0.332540 0.931610
-0.274126 -0.591131 0.758564
-0.332859 -0.836115 0.436024
-0.377810 -0.925880 -0.002182
-0.332311 -0.834588 -0.439354
-0.311867 -0.686111 -0.657260
-0.146884 -0.332958 -0.931431
-0.030874 -0.059071 -0.997776
0.229005 0.425794 -0.875361
0.392348 0.643308 -0.657433
0.412618 0.630508 -0.657424
0.523617 0.851951 -0.002181
0.425264 0.793127 0.436005
0.378414 0.816535 0.435975
0.187796 0.449256 0.873442
0.048868 0.111471 0.992565
-0.132656 -0.384846 0.913398
-0.237855 -0.642896 0.728086
-0.270775 -0.858227 0.436037
-0.330218 -0.943902 -0.002182
-0.249908 -0.781355 -0.571865
-0.237819 -0.642800 -0.728183
-0.068263 -0.190579 -0.979296
0.048948 0.111654 -0.992541
0.240450 0.558815 -0.793668
0.332983 0.736014 -0.589412
0.432425 0.874193 -0.220896
0.432641 0.875104 0.216828
0.331800 0.836552 0.435992
0.272642 0.704657 0.655076
0.166286 0.457681 0.873428
0.144740 0.464880 0.873463
-0.071871 -0.270890 0.959924
-0.154515 -0.526086 0.836277
-0.179269 -0.734197 0.654841
-0.223708 -0.950209 0.216929
-0.256767 -0.940866 -0.221002
-0.178812 -0.732097 -0.657313
-0.154574 -0.526284 -0.836141
-0.099278 -0.325492 -0.940319
0.100552 0.332712 -0.937652
0.165854 0.456646 -0.874052
0.291004 0.849895 -0.439313
0.321341 0.920838 -0.220903
0.310361 0.950616 -0.002181
0.204786 0.876333 0.436007
0.202008 0.728052 0.655082
0.094499 0.445414 0.890324
-0.003685 -0.016423 0.999858
-0.084876 -0.480420 0.872922
-0.152598 -0.740262 0.654772
-0.157132 -0.963457 0.216935
-0.190261 -0.956524 -0.221048
-0.125586 -0.743058 -0.657338
-0.102196 -0.473463 -0.874865
0.005660 0.028264 -0.999584
0.101145 0.393301 -0.913829
0.166170 0.734938 -0.657460
0.247684 0.863506 -0.439328
0.177847 0.958949 -0.220877
0.167147 0.911438 0.375957
0.094339 0.737962 0.668216
0.080118 0.480137 0.873527
-0.012901 -0.120812 0.992592
-0.066902 -0.483378 0.872852
-0.073817 -0.767325 0.636995
-0.123841 -0.968292 0.216966
-0.090462 -0.971061 -0.221038
-0.103748 -0.788379 -0.606378
-0.048568 -0.481828 -0.874919
-0.021587 -0.147520 -0.988824
0.058117 0.479795 -0.875454
0.122514 0.700571 -0.702987
0.127597 0.951825 -0.278835
0.084730 0.996402 -0.002181
0.031128 0.897808 -0.439286
0.018107 0.560502 -0.827955
0.024488 0.330693 -0.943421
-0.020819 -0.318944 -0.947545
-0.033721 -0.535378 -0.843939
-0.022290 -0.898000 -0.439431
-0.023916 -0.974972 -0.221039
-0.023662 -0.962710 0.269499
-0.045864 -0.754417 0.654791
-0.030915 -0.486966 0.872874
-0.006895 -0.102327 0.994727
0.037045 0.485469 0.873469
0.025393 0.755187 0.655018
0.082274 0.972733 0.216844
-0.013862 0.999621 0.023791
-0.013451 0.975201 -0.220912
-0.010327 0.780878 -0.624598
-0.006015 0.483299 -0.875435
-0.006391 0.119914 -0.992764
0.005024 -0.484235 -0.874923
0.033906 -0.747879 -0.662969
0.042325 -0.965877 -0.255520
0.009562 -0.999952 -0.002182
0.008739 -0.899885 0.436039
0.007393 -0.742804 0.669469
0.015251 -0.313531 0.949455
-0.001484 0.126911 0.991913
-0.031910 0.553995 0.831908
-0.010332 0.781199 0.624197
-0.062496 0.989392 0.131144
-0.150526 0.930394 0.334229
-0.080602 0.751264 0.655062
-0.070745 0.481674 0.873490
-0.009836 0.103470 0.994584
0.059017 -0.484385 0.872862
0.060876 -0.753303 0.654850
0.109302 -0.970042 0.216958
0.109207 -0.969133 -0.221031
0.090403 -0.778511 -0.621086
0.045450 -0.543678 -0.838063
0.017415 -0.135239 -0.990660
-0.031407 0.319334 -0.947122
-0.110765 0.717767 -0.687417
-0.098805 0.892894 -0.439292
-0.109088 0.969176 -0.220904
-0.252816 0.942900 0.216848
-0.214785 0.824549 0.523438
-0.135842 0.674525 0.725646
-0.048039 0.210449 0.976424
0.027928 -0.165953 0.985738
0.120728 -0.623520 0.772430
0.121816 -0.803901 0.582155
0.179569 -0.983743 -0.002183
0.132801 -0.888419 -0.439404
0.120733 -0.623544 -0.772410
0.061477 -0.377997 -0.923763
-0.048119 0.210800 -0.976344
-0.091560 0.474514 -0.875473
-0.214683 0.824157 -0.524096
-0.228740 0.868712 -0.439338
-0.241268 0.713764 -0.657518
-0.167613 0.488813 -0.856136
-0.042983 0.157969 -0.986508
0.086632 -0.301609 -0.949488
0.112206 -0.471180 -0.874871
0.225868 -0.869430 -0.439404
0.209065 -0.952594 -0.221034
0.209248 -0.953490 0.216962
0.194319 -0.730380 0.654817
0.139472 -0.503673 0.852562
0.130910 -0.469881 0.872969
-0.042908 0.157694 0.986555
-0.167513 0.488522 0.856321
-0.234441 0.756523 0.610500
-0.300684 0.928739 0.216873
-0.358959 0.933351 -0.002181
-0.358696 0.823594 -0.439352
-0.326916 0.678846 -0.657491
-0.143914 0.328705 -0.933403
0.015490 -0.040134 -0.999074
0.147907 -0.461117 -0.874926
0.247070 -0.712009 -0.657267
0.308922 -0.925051 -0.221015
0.275875 -0.936394 0.216932
0.221005 -0.722735 0.654837
0.166872 -0.458352 0.872965
0.015458 -0.040053 0.999078
-0.160528 0.411339 0.897235
-0.327734 0.680292 0.655586
-0.359410 0.825026 0.436069
-0.408284 0.912852 -0.002181
-0.430323 0.847673 -0.310279
-0.488661 0.753743 -0.439410
-0.309122 0.578922 -0.754515
-0.209814 0.412734 -0.886357
0.050976 -0.116620 -0.991868
0.201467 -0.440336 -0.874937
0.300314 -0.691249 -0.657257
0.375491 -0.900087 -0.221021
0.375812 -0.900951 0.216914
0.320907 -0.746788 0.582518
0.301069 -0.693216 0.654835
0.127005 -0.300793 0.945195
-0.079801 0.149184 0.985584
-0.243321 0.421915 0.873374
-0.392809 0.645418 0.655085
-0.503672 0.771502 0.388716
-0.517485 0.826663 -0.220990
-0.586943 0.778881 -0.221002
-0.556493 0.705107 -0.439476
-0.345258 0.513075 -0.785844
-0.234897 0.367622 -0.899821
0.060069 -0.110153 -0.992098
0.237160 -0.422076 -0.874990
0.353532 -0.665529 -0.657333
0.442043 -0.869348 -0.220981
0.417571 -0.908642 -0.002182
0.382487 -0.817292 0.430973
0.327773 -0.681056 0.654772
0.229939 -0.454991 0.860297
0.119059 -0.200739 0.972383
-0.130608 0.214370 0.967981
-0.290457 0.398749 0.869847
-0.462489 0.650351 0.602617
-0.586741 0.777958 0.224757
-0.654956 0.755664 -0.002182
-0.645513 0.731066 -0.221031
-0.500844 0.500230 -0.706347
-0.326967 0.356462 -0.875230
-0.113365 0.151776 -0.981892
0.168983 -0.236192 -0.956900
0.356217 -0.542631 -0.760697
0.443716 -0.704281 -0.554171
0.447065 -0.790192 -0.419201
0.496356 -0.840594 0.216868
0.381119 -0.652725 0.654750
0.278109 -0.453674 0.846661
0.168733 -0.235843 0.957030
-0.113190 0.151542 0.981949
-0.314949 0.371738 0.873280
-0.500850 0.500235 0.706338
-0.539966 0.528498 0.655077
-0.704344 0.709855 -0.002182
-0.651375 0.618486 -0.439529
-0.689912 0.575184 -0.439528
-0.410405 0.338322 -0.846821
-0.283431 0.282379 -0.916476
0.043122 -0.046686 -0.997978
0.254946 -0.333809 -0.907510
0.350550 -0.479835 -0.804284
0.442346 -0.632016 -0.636306
0.548238 -0.806621 -0.220905
0.548842 -0.807317 0.216822
0.442539 -0.632294 0.635896
0.349516 -0.430622 0.832107
0.310639 -0.375772 0.873097
-0.056102 0.061806 0.996510
-0.292794 0.257908 0.920736
-0.372821 0.314022 0.873152
-0.650073 0.529966 0.544556
-0.777236 0.586263 0.228475
-0.803124 0.595808 -0.002183
-0.776915 0.586021 -0.230180
-0.591044 0.467321 -0.657479
-0.399336 0.289294 -0.869966
-0.392265 0.283338 -0.875127
0.061361 -0.052742 -0.996721
0.255103 -0.269674 -0.928546
0.355437 -0.394578 -0.847333
0.563605 -0.621331 -0.544333
0.641551 -0.734596 -0.220864
0.635884 -0.740711 0.216790
0.487879 -0.577339 0.654717
0.355280 -0.394403 0.847480
0.268863 -0.255496 0.928674
0.061262 -0.052656 0.996732
-0.285610 0.222166 0.932239
-0.512794 0.343831 0.786653
-0.367381 0.233204 0.900360
-0.055365 0.031179 0.997979
0.091588 -0.069834 0.993345
0.294598 -0.251525 0.921926
0.567926 -0.498777 0.654738
0.643641 -0.629103 0.435839
0.716077 -0.681162 0.152484
0.715842 -0.680939 -0.154569
0.629006 -0.641465 -0.439174
0.660000 -0.609527 -0.439177
0.431008 -0.350128 -0.831650
0.193848 -0.156322 -0.968497
-0.010873 0.006776 -0.999918
-0.149545 0.078526 -0.985632
-0.441794 0.198001 -0.874994
-0.487365 0.166244 -0.857227
-0.458556 0.155285 -0.874993
-0.064195 0.028985 -0.997516
0.280887 -0.148572 -0.948171
0.415712 -0.247314 -0.875225
0.480399 -0.351053 -0.803728
0.597332 -0.459599 -0.657239
0.763375 -0.607045 -0.220805
0.764131 -0.607567 0.216719
0.594622 -0.466662 0.654715
0.543657 -0.356721 0.759728
0.706341 -0.443950 0.551354
0.808406 -0.547284 0.216703
0.807708 -0.546683 -0.220784
0.832954 -0.507383 -0.220793
0.651004 -0.379771 -0.657243
0.635859 -0.308685 -0.707388
0.814035 -0.380210 -0.439076
0.892625 -0.450224 -0.022790
0.853141 -0.474554 0.216676
0.713355 -0.374341 0.592448
0.561368 -0.250448 0.788760
0.749250 -0.321214 0.579177
0.908087 -0.358381 0.216657
0.900577 -0.374474 -0.220748
0.702315 -0.273359 -0.657289
0.559861 -0.176351 -0.809602
0.861117 -0.256289 -0.439083
0.734923 -0.166919 -0.657287
0.807136 -0.121880 -0.577647
0.593280 -0.092963 -0.799610
0.752777 -0.036547 -0.657261
0.970014 -0.042106 -0.239375
0.993815 -0.111030 -0.002178
0.897318 -0.070518 0.435714
0.807584 -0.121947 0.577007
0.989435 -0.144963 -0.002179
0.883486 -0.163350 -0.439054
0.876874 -0.195798 -0.439038
0.917817 -0.235788 0.319400
0.730465 -0.194022 0.654810
0.722854 -0.220701 0.654808
0.714193 -0.247385 0.654774
0.959802 -0.280668 -0.002179
0.913683 -0.341254 -0.220746
0.914557 -0.341543 0.216641
0.463796 -0.148908 0.873338
0.301564 -0.127981 0.944818
0.434319 -0.220934 0.873244
0.424726 -0.238946 0.873220
0.414017 -0.256900 0.873265
0.648000 -0.389187 0.654698
0.833765 -0.507817 0.216698
0.667742 -0.354093 0.654782
-0.145633 0.060060 0.987514
-0.156806 0.041900 0.986740
-0.463139 0.088626 0.881843
-0.531743 0.054147 0.845173
-0.316854 0.030818 0.947973
-0.556618 -0.018163 0.830570
-0.484175 -0.058761 0.872996
-0.234136 -0.047385 0.971048
-0.648268 -0.143952 0.747681
-0.891934 -0.118479 0.436368
-0.972622 -0.082832 0.217132
-0.976054 0.013045 0.217138
-0.777031 0.009933 0.629384
-0.894348 0.098684 0.436352
-0.970049 0.108926 0.217119
-0.970725 0.093587 -0.221212
-0.879125 0.185240 -0.439119
-0.926895 0.149610 0.344213
-0.870149 0.228976 0.436361
-0.948604 0.308804 0.069219
-0.941982 0.252481 -0.221184
-0.841069 0.315210 -0.439596
-0.835437 0.329826 -0.439614
-0.933296 0.359101 -0.002184
-0.837119 0.329940 0.436315
-0.804666 0.402685 0.436300
-0.437512 0.215335 0.873049
-0.444929 0.199601 0.873039
-0.487072 0.166144 0.857413
-0.722344 0.221554 0.655082
-0.714675 0.109838 0.690779
-0.468749 0.135067 0.872944
-0.793682 0.423965 0.436260
-0.861837 0.507180 -0.002183
-0.780104 0.445211 -0.439574
-0.643946 0.391256 -0.657459
-0.406989 0.262072 -0.875030
-0.679077 0.326488 -0.657465
-0.874798 0.431067 -0.221155
-0.755022 0.489551 0.436213
-0.923710 0.315633 0.217108
-0.730218 0.185635 -0.657512
-0.557101 0.163981 -0.814094
-0.463494 0.088694 -0.881650
-0.532114 0.054185 -0.844937
-0.767575 0.045872 -0.639316
-0.556862 -0.018171 -0.830406
-0.733139 -0.093949 -0.673559
-0.895025 -0.074894 -0.439683
-0.992263 -0.035631 -0.118927
-0.897601 -0.031550 -0.439678
-0.996351 -0.085322 -0.002184
-0.905840 -0.166548 -0.389508
-0.790960 -0.223385 -0.569632
-0.922914 -0.315103 -0.221223
-0.936733 -0.274556 0.217141
-0.791375 -0.223502 0.569010
-0.949469 -0.226632 0.217134
-0.525273 -0.165932 0.834599
-0.459075 -0.164579 0.873020
-0.440297 -0.209704 0.873019
-0.529719 -0.294627 0.795357
-0.167538 -0.104963 0.980262
-0.459795 -0.320030 0.828354
-0.672793 -0.343731 0.655132
-0.881967 -0.418303 0.217157
-0.875053 -0.430516 -0.221218
-0.679241 -0.326056 -0.657509
-0.424698 -0.258193 -0.867737
-0.714104 -0.484643 -0.505150
-0.834592 -0.518189 -0.186915
-0.829771 -0.514132 0.217139
-0.798100 -0.562039 0.217136
-0.610739 -0.444806 0.655092
-0.467329 -0.422718 0.776475
-0.547649 -0.520445 0.655147
-0.778026 -0.628228 -0.002184
-0.705606 -0.555716 -0.439658
-0.577750 -0.483573 -0.657542
-0.369732 -0.312442 -0.875031
-0.239176 -0.217633 -0.946272
-0.014742 -0.015137 -0.999777
0.100414 0.121567 -0.987491
0.394428 0.495896 -0.773636
0.487784 0.641571 -0.591992
0.574652 0.788063 -0.220754
0.541371 0.811289 -0.220743
0.516693 0.736990 0.435746
0.536674 0.722562 0.435757
0.310728 0.375097 0.873356
0.100260 0.121381 0.987530
-0.125298 -0.121268 0.984680
-0.351138 -0.338315 0.873066
-0.387487 -0.296020 0.873056
-0.065568 -0.044217 0.996868
0.341324 0.298388 0.891326
0.440302 0.406588 0.800513
0.515027 0.553184 0.654778
0.598826 0.671985 0.435711
0.688921 0.724834 -0.002179
0.597838 0.670664 -0.439089
0.537334 0.522670 -0.661883
0.440380 0.406660 -0.800433
0.110427 0.095869 -0.989250
0.036937 0.026962 -0.998954
-0.412578 -0.253253 -0.875010
-0.434029 -0.214557 -0.874977
-0.554099 -0.238338 -0.797602
-0.452446 -0.164139 -0.876556
-0.525604 -0.166037 -0.834369
-0.389554 -0.099984 -0.915560
-0.274624 -0.043840 -0.960552
-0.327778 -0.024260 -0.944443
-0.483573 0.027181 -0.874882
-0.290323 0.040646 -0.956065
-0.209591 0.047183 -0.976650
0.101675 -0.030821 -0.994340
0.423113 -0.155460 -0.892641
0.439582 -0.201540 -0.875299
0.460381 -0.147923 -0.875310
0.251268 -0.062607 -0.965891
0.351422 -0.043864 -0.935189
0.098946 -0.005034 -0.995080
0.321808 0.021210 -0.946567
0.150240 0.022280 -0.988399
0.469227 0.116296 -0.875386
0.463324 0.138104 -0.875362
0.451412 0.173158 -0.875353
0.523054 0.222055 -0.822865
0.336733 0.148925 -0.929749
0.494063 0.259050 -0.829936
0.496037 0.313843 -0.809598
0.243953 0.150450 -0.958046
0.062354 0.033027 -0.997508
-0.187566 -0.073252 -0.979517
0.071243 0.019937 -0.997260
0.585348 0.395432 -0.707814
0.675065 0.484987 -0.555946
0.764820 0.582283 -0.275676
0.790888 0.611958 -0.002179
0.712056 0.550553 0.435738
0.609915 0.446421 0.654761
0.430275 0.303781 0.850047
0.336596 0.222594 0.914962
0.151957 0.086984 0.984552
0.075375 0.031712 0.996651
-0.261095 -0.090351 0.961075
-0.471859 -0.123430 0.872992
0.225884 0.051339 0.972800
-0.091358 -0.010156 0.995766
0.092314 -0.001005 0.995730
-0.101839 0.009418 0.994756
0.205654 -0.043121 0.977674
0.101512 -0.030772 0.994358
0.473730 -0.112883 0.873406
0.480998 -0.076903 0.873342
0.329715 -0.028582 0.943648
0.546564 -0.045560 0.836177
0.311806 0.008659 0.950106
0.484486 0.049082 0.873421
0.607943 0.105402 0.786954
0.476042 0.103067 0.873362
0.530375 0.156047 0.833278
0.718985 0.232908 0.654840
0.701350 0.281667 0.654806
0.712920 0.291008 0.638012
0.816266 0.379268 0.435736
0.884671 0.466210 -0.002179
0.791222 0.425606 -0.439121
0.671547 0.338109 -0.659323
0.712612 0.290882 -0.638414
0.707767 0.258944 -0.657278
0.894000 0.389918 -0.220743
0.894845 0.390258 0.216681
0.908647 0.356960 0.216657
0.907778 0.356657 -0.220762
0.856746 0.270542 -0.439083
0.732072 0.179083 -0.657267
0.608008 0.105414 -0.786901
0.793104 0.104523 -0.600051
0.539048 0.034169 -0.841581
0.756593 0.046221 -0.652251
0.973769 0.055293 -0.220717
0.994609 0.103674 -0.002179
0.962599 0.157132 -0.220708
0.987036 0.160483 -0.002179
0.855228 0.173152 0.488471
0.771917 0.074445 0.631350
0.988816 0.092048 0.117344
0.975952 0.024208 0.216636
0.970478 -0.042126 0.237482
0.965147 -0.008962 -0.261555
0.900057 -0.008446 0.435690
0.754707 -0.041148 0.654771
0.899821 0.022593 0.435673
0.745165 0.126159 0.654838
0.894671 0.212743 0.392815
0.941380 0.258578 0.216657
0.940902 0.256876 -0.220722
0.950251 0.223816 0.216633
0.528474 -0.005276 -0.848933
0.480976 0.048759 -0.875377
0.879572 0.423556 0.216689
0.660526 0.400604 -0.634997
0.754623 0.487605 -0.439073
0.830218 0.483566 0.277312
0.750117 0.407285 0.521002
0.671802 0.338237 0.658998
0.436547 0.216161 0.873328
0.262777 0.105454 0.959077
0.274202 0.073138 0.958887
0.419966 0.246924 0.873302
0.801959 0.556709 0.216651
0.807596 0.546860 -0.220754
0.777772 0.590021 0.216670
0.626730 0.418669 -0.657211
-0.198384 -0.099795 0.975031
0.281272 0.207969 0.936822
0.475996 0.396535 0.784976
0.686901 0.581627 0.435750
0.742256 0.670113 -0.002179
0.659883 0.609708 -0.439102
0.476043 0.396574 -0.784928
0.393596 0.280973 -0.875292
0.628863 0.641672 -0.439077
0.708382 0.671749 0.216675
0.183621 0.127211 -0.974731
-0.125102 0.001390 -0.992143
0.474204 -0.094264 -0.875354
-0.725909 -0.201728 -0.657542
-0.824053 -0.330321 -0.460244
-0.233456 -0.187983 -0.954023
0.331208 0.352365 -0.875294
0.486634 0.575497 -0.657259
0.616332 0.755911 -0.220757
0.616990 0.756558 0.216664
0.514578 0.553622 0.654761
0.608453 0.763439 0.216669
0.557259 0.704762 -0.439059
0.200091 0.204969 0.958098
0.412605 0.633247 0.654794
0.411140 0.631635 -0.657268
-0.779348 -0.586246 -0.221205
-0.631728 -0.414439 0.655103
-0.902307 -0.370019 -0.221195
-0.921334 -0.322477 0.217144
-0.689734 -0.308405 0.655098
-0.892745 0.098484 -0.439668
-0.754203 0.044937 0.655101
-0.752045 -0.072863 0.655071
0.909187 -0.416382 -0.002179
0.816242 -0.379335 0.435722
0.634730 -0.406378 -0.657248
0.741899 -0.634520 0.216725
0.741264 -0.633849 -0.220822
0.575900 -0.486218 -0.657214
0.386511 -0.290988 -0.875177
0.689290 -0.724483 -0.002180
0.359704 -0.328926 0.873167
0.608830 -0.763101 0.216802
0.608305 -0.762347 -0.220889
-0.778381 0.587572 -0.221094
-0.740477 0.636088 0.216991
-0.731049 0.645514 -0.221088
0.492434 -0.753327 0.435898
0.429601 -0.619267 -0.657230
-0.608258 0.663152 0.436179
0.475729 -0.852431 0.216894
0.247352 -0.416168 -0.874998
-0.497381 0.749944 0.436115
0.214558 -0.434051 -0.874965
0.176023 -0.454951 0.872947
0.304559 -0.845090 -0.439394
-0.331365 0.836681 0.436075
0.260734 -0.939768 -0.221028
-0.102059 0.969940 -0.220907
0.049398 -0.754161 0.654829
-0.067110 -0.973872 0.216954
0.189170 0.878196 -0.439302
-0.198602 -0.876064 -0.439397
-0.280418 -0.959875 -0.002182
-0.281817 -0.698992 -0.657259
-0.305654 -0.846444 0.436015
-0.214953 -0.434054 -0.874867
-0.380856 -0.815391 0.435989
0.607745 0.661572 -0.439283
0.697009 0.683496 0.216822
-0.390023 -0.647480 0.654716
-0.440222 -0.783051 -0.439357
-0.195877 -0.237594 -0.951410
-0.465719 -0.592612 -0.657203
-0.555821 -0.801402 -0.220949
-0.589542 -0.778087 0.216843
-0.548654 -0.807435 0.216860
-0.431236 -0.620814 0.654695
-0.294687 -0.375015 0.878933
0.124428 0.128529 0.983869
0.476873 0.407124 0.779001
0.691413 0.576063 0.436005
0.796041 0.605238 -0.002181
0.690288 0.574914 -0.439290
0.618897 0.433446 0.655050
0.422166 0.242750 0.873412
0.301843 0.188015 0.934634
-0.053301 -0.036562 0.997909
-0.221000 -0.193527 0.955880
-0.450669 -0.397437 0.799338
-0.528135 -0.540799 0.654683
-0.643105 -0.629598 0.435915
-0.703465 -0.710727 -0.002181
-0.642046 -0.628350 -0.439265
-0.421703 -0.412148 -0.807651
-0.450747 -0.397505 -0.799260
-0.118245 -0.097491 -0.988187
-0.053388 -0.036622 -0.997902
0.405928 0.232194 -0.883917
0.507334 0.264408 -0.820183
-0.183933 -0.099174 -0.977923
-0.205004 -0.134573 -0.969466
-0.396327 -0.296877 -0.868786
-0.491643 -0.390968 -0.778095
-0.697416 -0.566269 -0.439262
-0.735380 -0.640632 -0.220925
-0.680045 -0.603477 0.416359
-0.705155 -0.559219 0.435925
-0.396096 -0.296705 0.868950
-0.390928 -0.291855 0.872924
-0.109807 -0.066926 0.991697
-0.097543 -0.048190 0.994064
0.329028 0.125514 0.935942
0.467711 0.135109 0.873494
0.581740 0.118540 0.804690
0.478450 0.075077 0.874900
0.676709 0.042634 0.735015
0.458360 0.028615 0.888306
0.668413 -0.056911 0.741610
0.477566 -0.084830 0.874491
0.300850 -0.076153 0.950626
0.636581 -0.206873 0.742946
0.457468 -0.166637 0.873473
0.445904 -0.195696 0.873426
0.294282 -0.152976 0.943396
0.460217 -0.250836 0.851635
0.727280 -0.377966 0.572893
0.896718 -0.385826 0.216878
0.895775 -0.385701 -0.220955
0.745935 -0.292367 -0.598416
0.671026 -0.342635 -0.657515
0.936035 -0.273904 -0.220941
0.936907 -0.274200 0.216841
0.746285 -0.292504 0.597913
0.727931 -0.202380 0.655102
0.949095 -0.228481 0.216830
0.970723 -0.234816 -0.050589
0.765540 -0.177424 -0.618441
0.894189 -0.078482 -0.440756
0.966665 -0.135422 0.217302
0.886225 -0.077677 0.456696
0.902539 -0.033397 0.429310
0.751960 0.047766 0.657476
0.973936 0.063904 0.217636
0.905089 0.012639 -0.425033
0.750893 0.010284 -0.660343
0.901961 -0.033376 -0.430525
0.975329 -0.036521 0.217713
0.736203 -0.169655 0.655151
0.729427 -0.188708 -0.657514
0.971952 -0.235171 -0.002181
0.882255 -0.417831 0.216895
0.042313 -0.032521 0.998575
-0.299868 0.241488 0.922910
-0.368876 0.349891 0.861108
-0.566999 0.499769 0.654785
-0.679817 0.530929 0.505928
-0.770594 0.636147 0.038754
-0.750266 0.623151 -0.220870
-0.679385 0.530592 -0.506860
-0.608072 0.445260 -0.657261
-0.565963 0.351373 -0.745803
-0.314352 0.189429 -0.930215
-0.650019 0.361093 -0.668645
-0.312717 0.154172 -0.937251
-0.156994 0.063900 -0.985530
-0.159808 0.043177 -0.986203
0.142927 -0.032454 -0.989201
0.016556 -0.004705 -0.999852
0.248233 0.003568 -0.968694
-0.016994 0.002960 -0.999851
0.119026 0.028627 -0.992478
-0.248861 -0.083104 -0.964967
-0.197122 -0.085175 -0.976672
-0.533113 -0.264623 -0.803595
-0.356380 -0.184259 -0.915992
-0.765951 -0.469396 -0.439303
-0.811498 -0.540981 -0.220934
-0.812275 -0.541456 0.216876
-0.636650 -0.407418 0.654742
-0.439860 -0.246041 0.863705
-0.798210 -0.415668 0.435983
-0.866894 -0.481326 0.129694
-0.832650 -0.507811 -0.220956
-0.798576 -0.411428 -0.439321
-0.684255 -0.315896 -0.657271
-0.702351 -0.273380 -0.657241
-0.712105 -0.246764 -0.657277
-0.913463 -0.341663 -0.221023
-0.902057 -0.301959 0.308404
-0.712684 -0.251628 0.654801
-0.730489 -0.194043 0.654777
-0.739629 -0.154965 0.654931
-0.480549 -0.071917 0.874014
-0.425433 -0.031890 0.904428
-0.481347 -0.019968 0.876303
-0.408373 0.009665 0.912764
-0.626781 0.015046 0.779050
-0.457610 0.058681 0.887214
-0.479655 0.080597 0.873748
-0.472633 0.120982 0.872915
-0.462991 0.153716 0.872932
-0.712724 0.251414 0.654840
-0.829291 0.349527 0.436013
-0.879313 0.423992 0.216888
-0.878465 0.423629 -0.220992
-0.685944 0.312197 -0.657278
-0.707720 0.258945 -0.657328
-0.846082 0.301766 -0.439411
-0.617525 0.178586 -0.766009
-0.737827 0.152727 -0.657485
-0.743158 0.121399 -0.658011
-0.886700 0.142179 -0.439941
-0.963149 0.152869 -0.221303
-0.946130 0.186183 0.264905
-0.888034 0.110276 0.446357
-0.974484 0.054410 0.217762
-0.971277 0.086334 -0.221736
-0.897110 0.021199 -0.441299
-0.975017 -0.008417 -0.221971
-0.898759 0.021236 0.437929
-0.898318 -0.036940 0.437789
-0.997315 -0.073196 -0.002190
-0.896672 -0.036876 -0.441158
-0.890462 -0.115043 -0.440276
-0.990093 -0.140396 -0.002186
-0.891946 -0.116432 0.436894
-0.742876 -0.137375 0.655182
-0.955744 -0.198680 0.216980
-0.964960 -0.210193 -0.157071
-0.755120 -0.170689 -0.632976
-0.935648 -0.275169 -0.221010
-0.926104 -0.308681 0.216904
-0.728402 -0.193550 -0.657243
-0.507092 -0.096938 -0.856423
-0.686320 -0.100952 -0.720259
-0.477886 -0.036007 -0.877684
-0.625138 -0.005477 -0.780495
-0.477584 0.011412 -0.878512
-0.650453 0.059410 -0.757219
-0.476764 0.073192 -0.875979
-0.525055 0.110439 -0.843873
-0.416007 0.124800 -0.900757
-0.748833 0.067959 -0.659265
-0.188776 -0.001306 -0.982019
-0.747780 -0.082025 -0.658860
-0.297511 -0.058108 -0.952948
-0.461211 -0.147834 -0.874888
-0.883770 -0.160061 -0.439694
-0.977177 -0.212418 -0.002182
-0.753204 0.017989 0.657541
-0.751006 0.068146 0.656769
-0.734824 0.149489 0.661579
-0.875304 0.209045 0.436054
-0.955043 0.197512 -0.221093
-0.872289 0.274970 -0.404357
-0.943711 0.330765 -0.002182
-0.872856 0.275148 0.403009
-0.858103 0.271194 0.436019
-0.847628 0.302265 0.436076
-0.919955 0.323787 -0.221009
-0.917054 0.398757 -0.002182
-0.444761 0.191595 -0.874916
-0.824830 0.440836 -0.354003
-0.865602 0.500729 -0.002182
-0.792438 0.426547 0.436004
-0.569734 0.293272 0.767720
-0.748864 0.370918 0.549202
-0.345192 0.135504 0.928699
-0.085069 0.030840 0.995898
0.096267 -0.024110 0.995064
-0.030980 -0.000555 0.999520
0.245601 -0.009127 0.969328
0.022729 0.004005 0.999734
0.161772 0.033689 0.986253
-0.135354 -0.034165 0.990208
-0.122782 -0.047788 0.991282
-0.443798 -0.202833 0.872870
-0.681249 -0.327436 0.654741
-0.829093 -0.350037 0.435980
-0.898810 -0.413095 0.146607
-0.885773 -0.408132 -0.220984
-0.829649 -0.350202 -0.434788
-0.572145 -0.228507 0.787676
-0.356053 -0.184090 0.916153
-0.470087 -0.130844 0.872868
-0.260587 -0.038515 0.964682
-0.190389 0.003883 0.981701
0.105170 -0.040910 0.993612
-0.312309 0.153972 0.937420
-0.420696 0.246808 0.872984
-0.409050 0.265646 0.872989
-0.734788 0.519696 0.435893
-0.711794 0.550751 0.435916
-0.771231 0.636552 -0.002181
-0.815651 0.519648 -0.254323
-0.732121 0.436558 -0.522892
-0.845072 0.534649 -0.002181
-0.755776 0.488634 0.435935
-0.440667 0.339101 0.831158
-0.404740 0.261992 0.876097
-0.059596 0.034193 0.997637
-0.798220 0.415641 0.435990
-0.455151 -0.165733 -0.874854
-0.767217 -0.470475 0.435926
-0.618792 -0.434098 0.654718
-0.805249 -0.592933 -0.002181
-0.721466 -0.535296 -0.439255
-0.631102 -0.412062 -0.657203
0.064844 0.026692 -0.997538
0.028427 -0.012738 -0.999515
0.399194 -0.272038 0.875579
0.731780 0.188229 0.655033
0.515729 0.206043 0.831607
0.433759 0.221202 0.873454
-0.390203 -0.292834 0.872920
-0.722535 -0.656438 0.216869
-0.705055 -0.673855 -0.220944
-0.575922 -0.486191 -0.657216
-0.340334 -0.344566 -0.874898
-0.634952 -0.740287 -0.220933
0.661001 0.361666 -0.657476
0.923314 0.384039 -0.002181
0.730166 0.185954 -0.657479
0.420929 -0.237809 -0.875366
0.042385 -0.032577 -0.998570
-0.352618 0.331441 -0.875104
-0.524705 0.541043 -0.657235
-0.688402 0.690890 -0.220848
-0.513432 0.551731 -0.657252
0.740824 -0.507988 -0.439463
0.800217 -0.557504 -0.221003
0.798516 -0.561531 0.216924
0.725911 -0.531807 0.436158
-0.411305 0.631613 -0.657186
-0.469252 0.768074 0.435736
0.639152 -0.633437 0.436168
0.735962 -0.677020 -0.002182
0.546439 -0.518773 -0.657480
-0.465475 0.885058 -0.002179
0.586171 -0.682725 0.436224
0.469627 -0.589227 -0.657467
-0.197332 0.441547 -0.875269
-0.347015 0.828736 -0.439064
-0.397608 0.917553 -0.002179
-0.319602 0.797448 0.511792
-0.199453 0.444537 0.873273
0.151504 -0.294139 0.943678
0.378606 -0.653848 0.655088
0.557670 -0.801183 0.217048
0.484845 -0.874597 -0.002183
0.465678 -0.768059 -0.439579
0.164835 -0.455245 -0.874975
-0.150956 0.459320 -0.875350
-0.260974 0.859722 -0.439056
-0.239540 0.867645 0.435674
-0.138923 0.466784 0.873392
0.059389 -0.176160 0.982568
0.291453 -0.697128 0.655032
0.381145 -0.924513 -0.002184
0.231716 -0.968075 -0.095595
0.243983 -0.945164 0.217111
0.166700 -0.736986 0.655029
-0.013076 0.067308 0.997647
-0.119568 0.702553 0.701515
-0.156907 0.963563 0.216625
-0.150280 0.915637 -0.372861
-0.119538 0.702379 -0.701694
-0.013097 0.067417 -0.997639
0.152465 0.738057 -0.657287
-0.134778 -0.468719 0.873005
0.317584 0.922178 -0.220744
-0.530952 -0.726411 0.436369
0.401329 0.888934 -0.220754
0.414238 0.799075 0.435759
0.367021 0.658257 -0.657262
