382

-1.000000 0.000000 0.000000
-0.987688 0.000000 -0.156434
-0.987688 0.000000 0.156434
-0.951057 -0.309017 0.000000
-0.951057 0.000000 -0.309017
-0.951057 0.000000 0.309017
-0.951057 0.309017 0.000000
-0.939347 -0.305212 -0.156434
-0.939347 -0.305212 0.156434
-0.939347 0.305212 -0.156434
-0.939347 0.305212 0.156434
-0.904508 -0.293893 -0.309017
-0.904508 -0.293893 0.309017
-0.904508 0.293893 -0.309017
-0.904508 0.293893 0.309017
-0.891007 0.000000 -0.453990
-0.891007 0.000000 0.453990
-0.847398 -0.275336 -0.453990
-0.847398 -0.275336 0.453990
-0.847398 0.275336 -0.453990
-0.847398 0.275336 0.453990
-0.809017 0.000000 -0.587785
-0.809017 0.000000 0.587785
-0.809017 -0.587785 0.000000
-0.809017 0.587785 0.000000
-0.799057 -0.580549 -0.156434
-0.799057 -0.580549 0.156434
-0.799057 0.580549 -0.156434
-0.799057 0.580549 0.156434
-0.769421 -0.250000 -0.587785
-0.769421 -0.250000 0.587785
-0.769421 0.250000 -0.587785
-0.769421 0.250000 0.587785
-0.769421 -0.559017 -0.309017
-0.769421 -0.559017 0.309017
-0.769421 0.559017 -0.309017
-0.769421 0.559017 0.309017
-0.720839 -0.523720 -0.453990
-0.720839 -0.523720 0.453990
-0.720839 0.523720 -0.453990
-0.720839 0.523720 0.453990
-0.707107 0.000000 -0.707107
-0.707107 0.000000 0.707107
-0.672499 -0.218508 -0.707107
-0.672499 -0.218508 0.707107
-0.672499 0.218508 -0.707107
-0.672499 0.218508 0.707107
-0.654508 -0.475528 -0.587785
-0.654508 -0.475528 0.587785
-0.654508 0.475528 -0.587785
-0.654508 0.475528 0.587785
-0.587785 0.000000 -0.809017
-0.587785 0.000000 0.809017
-0.587785 -0.809017 0.000000
-0.587785 0.809017 0.000000
-0.580549 -0.799057 -0.156434
-0.580549 -0.799057 0.156434
-0.580549 0.799057 -0.156434
-0.580549 0.799057 0.156434
-0.572061 -0.415627 -0.707107
-0.572061 -0.415627 0.707107
-0.572061 0.415627 -0.707107
-0.572061 0.415627 0.707107
-0.559017 -0.181636 -0.809017
-0.559017 -0.181636 0.809017
-0.559017 0.181636 -0.809017
-0.559017 0.181636 0.809017
-0.559017 -0.769421 -0.309017
-0.559017 -0.769421 0.309017
-0.559017 0.769421 -0.309017
-0.559017 0.769421 0.309017
-0.523720 -0.720839 -0.453990
-0.523720 -0.720839 0.453990
-0.523720 0.720839 -0.453990
-0.523720 0.720839 0.453990
-0.475528 -0.345492 -0.809017
-0.475528 -0.345492 0.809017
-0.475528 0.345492 -0.809017
-0.475528 0.345492 0.809017
-0.475528 -0.654508 -0.587785
-0.475528 -0.654508 0.587785
-0.475528 0.654508 -0.587785
-0.475528 0.654508 0.587785
-0.453990 0.000000 -0.891007
-0.453990 0.000000 0.891007
-0.431771 -0.140291 -0.891007
-0.431771 -0.140291 0.891007
-0.431771 0.140291 -0.891007
-0.431771 0.140291 0.891007
-0.415627 -0.572061 -0.707107
-0.415627 -0.572061 0.707107
-0.415627 0.572061 -0.707107
-0.415627 0.572061 0.707107
-0.367286 -0.266849 -0.891007
-0.367286 -0.266849 0.891007
-0.367286 0.266849 -0.891007
-0.367286 0.266849 0.891007
-0.345492 -0.475528 -0.809017
-0.345492 -0.475528 0.809017
-0.345492 0.475528 -0.809017
-0.345492 0.475528 0.809017
-0.309017 0.000000 -0.951057
-0.309017 0.000000 0.951057
-0.309017 -0.951057 0.000000
-0.309017 0.951057 0.000000
-0.305212 -0.939347 -0.156434
-0.305212 -0.939347 0.156434
-0.305212 0.939347 -0.156434
-0.305212 0.939347 0.156434
-0.293893 -0.095492 -0.951057
-0.293893 -0.095492 0.951057
-0.293893 0.095492 -0.951057
-0.293893 0.095492 0.951057
-0.293893 -0.904508 -0.309017
-0.293893 -0.904508 0.309017
-0.293893 0.904508 -0.309017
-0.293893 0.904508 0.309017
-0.275336 -0.847398 -0.453990
-0.275336 -0.847398 0.453990
-0.275336 0.847398 -0.453990
-0.275336 0.847398 0.453990
-0.266849 -0.367286 -0.891007
-0.266849 -0.367286 0.891007
-0.266849 0.367286 -0.891007
-0.266849 0.367286 0.891007
-0.250000 -0.181636 -0.951057
-0.250000 -0.181636 0.951057
-0.250000 0.181636 -0.951057
-0.250000 0.181636 0.951057
-0.250000 -0.769421 -0.587785
-0.250000 -0.769421 0.587785
-0.250000 0.769421 -0.587785
-0.250000 0.769421 0.587785
-0.218508 -0.672499 -0.707107
-0.218508 -0.672499 0.707107
-0.218508 0.672499 -0.707107
-0.218508 0.672499 0.707107
-0.181636 -0.250000 -0.951057
-0.181636 -0.250000 0.951057
-0.181636 0.250000 -0.951057
-0.181636 0.250000 0.951057
-0.181636 -0.559017 -0.809017
-0.181636 -0.559017 0.809017
-0.181636 0.559017 -0.809017
-0.181636 0.559017 0.809017
-0.156434 0.000000 -0.987688
-0.156434 0.000000 0.987688
-0.148778 -0.048341 -0.987688
-0.148778 -0.048341 0.987688
-0.148778 0.048341 -0.987688
-0.148778 0.048341 0.987688
-0.140291 -0.431771 -0.891007
-0.140291 -0.431771 0.891007
-0.140291 0.431771 -0.891007
-0.140291 0.431771 0.891007
-0.126558 -0.091950 -0.987688
-0.126558 -0.091950 0.987688
-0.126558 0.091950 -0.987688
-0.126558 0.091950 0.987688
-0.095492 -0.293893 -0.951057
-0.095492 -0.293893 0.951057
-0.095492 0.293893 -0.951057
-0.095492 0.293893 0.951057
-0.091950 -0.126558 -0.987688
-0.091950 -0.126558 0.987688
-0.091950 0.126558 -0.987688
-0.091950 0.126558 0.987688
-0.048341 -0.148778 -0.987688
-0.048341 -0.148778 0.987688
-0.048341 0.148778 -0.987688
-0.048341 0.148778 0.987688
-0.000000 0.000000 -1.000000
-0.000000 0.000000 1.000000
0.000000 -0.156434 -0.987688
0.000000 -0.156434 0.987688
0.000000 0.156434 -0.987688
0.000000 0.156434 0.987688
0.000000 -0.309017 -0.951057
0.000000 -0.309017 0.951057
0.000000 0.309017 -0.951057
0.000000 0.309017 0.951057
0.000000 -0.453990 -0.891007
0.000000 -0.453990 0.891007
0.000000 0.453990 -0.891007
0.000000 0.453990 0.891007
0.000000 -0.587785 -0.809017
0.000000 -0.587785 0.809017
0.000000 0.587785 -0.809017
0.000000 0.587785 0.809017
0.000000 -0.707107 -0.707107
0.000000 -0.707107 0.707107
0.000000 0.707107 -0.707107
0.000000 0.707107 0.707107
0.000000 -0.809017 -0.587785
0.000000 -0.809017 0.587785
0.000000 0.809017 -0.587785
0.000000 0.809017 0.587785
0.000000 -0.891007 -0.453990
0.000000 -0.891007 0.453990
0.000000 0.891007 -0.453990
0.000000 0.891007 0.453990
0.000000 -0.951057 -0.309017
0.000000 -0.951057 0.309017
0.000000 0.951057 -0.309017
0.000000 0.951057 0.309017
0.000000 -0.987688 -0.156434
0.000000 -0.987688 0.156434
0.000000 0.987688 -0.156434
0.000000 0.987688 0.156434
0.000000 -1.000000 0.000000
0.000000 1.000000 0.000000
0.048341 -0.148778 -0.987688
0.048341 -0.148778 0.987688
0.048341 0.148778 -0.987688
0.048341 0.148778 0.987688
0.091950 -0.126558 -0.987688
0.091950 -0.126558 0.987688
0.091950 0.126558 -0.987688
0.091950 0.126558 0.987688
0.095492 -0.293893 -0.951057
0.095492 -0.293893 0.951057
0.095492 0.293893 -0.951057
0.095492 0.293893 0.951057
0.126558 -0.091950 -0.987688
0.126558 -0.091950 0.987688
0.126558 0.091950 -0.987688
0.126558 0.091950 0.987688
0.140291 -0.431771 -0.891007
0.140291 -0.431771 0.891007
0.140291 0.431771 -0.891007
0.140291 0.431771 0.891007
0.148778 -0.048341 -0.987688
0.148778 -0.048341 0.987688
0.148778 0.048341 -0.987688
0.148778 0.048341 0.987688
0.156434 0.000000 -0.987688
0.156434 0.000000 0.987688
0.181636 -0.559017 -0.809017
0.181636 -0.559017 0.809017
0.181636 -0.250000 -0.951057
0.181636 -0.250000 0.951057
0.181636 0.250000 -0.951057
0.181636 0.250000 0.951057
0.181636 0.559017 -0.809017
0.181636 0.559017 0.809017
0.218508 -0.672499 -0.707107
0.218508 -0.672499 0.707107
0.218508 0.672499 -0.707107
0.218508 0.672499 0.707107
0.250000 -0.769421 -0.587785
0.250000 -0.769421 0.587785
0.250000 -0.181636 -0.951057
0.250000 -0.181636 0.951057
0.250000 0.181636 -0.951057
0.250000 0.181636 0.951057
0.250000 0.769421 -0.587785
0.250000 0.769421 0.587785
0.266849 -0.367286 -0.891007
0.266849 -0.367286 0.891007
0.266849 0.367286 -0.891007
0.266849 0.367286 0.891007
0.275336 -0.847398 -0.453990
0.275336 -0.847398 0.453990
0.275336 0.847398 -0.453990
0.275336 0.847398 0.453990
0.293893 -0.904508 -0.309017
0.293893 -0.904508 0.309017
0.293893 -0.095492 -0.951057
0.293893 -0.095492 0.951057
0.293893 0.095492 -0.951057
0.293893 0.095492 0.951057
0.293893 0.904508 -0.309017
0.293893 0.904508 0.309017
0.305212 -0.939347 -0.156434
0.305212 -0.939347 0.156434
0.305212 0.939347 -0.156434
0.305212 0.939347 0.156434
0.309017 -0.951057 0.000000
0.309017 0.000000 -0.951057
0.309017 0.000000 0.951057
0.309017 0.951057 0.000000
0.345492 -0.475528 -0.809017
0.345492 -0.475528 0.809017
0.345492 0.475528 -0.809017
0.345492 0.475528 0.809017
0.367286 -0.266849 -0.891007
0.367286 -0.266849 0.891007
0.367286 0.266849 -0.891007
0.367286 0.266849 0.891007
0.415627 -0.572061 -0.707107
0.415627 -0.572061 0.707107
0.415627 0.572061 -0.707107
0.415627 0.572061 0.707107
0.431771 -0.140291 -0.891007
0.431771 -0.140291 0.891007
0.431771 0.140291 -0.891007
0.431771 0.140291 0.891007
0.453990 0.000000 -0.891007
0.453990 0.000000 0.891007
0.475528 -0.654508 -0.587785
0.475528 -0.654508 0.587785
0.475528 -0.345492 -0.809017
0.475528 -0.345492 0.809017
0.475528 0.345492 -0.809017
0.475528 0.345492 0.809017
0.475528 0.654508 -0.587785
0.475528 0.654508 0.587785
0.523720 -0.720839 -0.453990
0.523720 -0.720839 0.453990
0.523720 0.720839 -0.453990
0.523720 0.720839 0.453990
0.559017 -0.769421 -0.309017
0.559017 -0.769421 0.309017
0.559017 -0.181636 -0.809017
0.559017 -0.181636 0.809017
0.559017 0.181636 -0.809017
0.559017 0.181636 0.809017
0.559017 0.769421 -0.309017
0.559017 0.769421 0.309017
0.572061 -0.415627 -0.707107
0.572061 -0.415627 0.707107
0.572061 0.415627 -0.707107
0.572061 0.415627 0.707107
0.580549 -0.799057 -0.156434
0.580549 -0.799057 0.156434
0.580549 0.799057 -0.156434
0.580549 0.799057 0.156434
0.587785 -0.809017 0.000000
0.587785 0.000000 -0.809017
0.587785 0.000000 0.809017
0.587785 0.809017 0.000000
0.654508 -0.475528 -0.587785
0.654508 -0.475528 0.587785
0.654508 0.475528 -0.587785
0.654508 0.475528 0.587785
0.672499 -0.218508 -0.707107
0.672499 -0.218508 0.707107
0.672499 0.218508 -0.707107
0.672499 0.218508 0.707107
0.707107 0.000000 -0.707107
0.707107 0.000000 0.707107
0.720839 -0.523720 -0.453990
0.720839 -0.523720 0.453990
0.720839 0.523720 -0.453990
0.720839 0.523720 0.453990
0.769421 -0.559017 -0.309017
0.769421 -0.559017 0.309017
0.769421 -0.250000 -0.587785
0.769421 -0.250000 0.587785
0.769421 0.250000 -0.587785
0.769421 0.250000 0.587785
0.769421 0.559017 -0.309017
0.769421 0.559017 0.309017
0.799057 -0.580549 -0.156434
0.799057 -0.580549 0.156434
0.799057 0.580549 -0.156434
0.799057 0.580549 0.156434
0.809017 -0.587785 0.000000
0.809017 0.000000 -0.587785
0.809017 0.000000 0.587785
0.809017 0.587785 0.000000
0.847398 -0.275336 -0.453990
0.847398 -0.275336 0.453990
0.847398 0.275336 -0.453990
0.847398 0.275336 0.453990
0.891007 0.000000 -0.453990
0.891007 0.000000 0.453990
0.904508 -0.293893 -0.309017
0.904508 -0.293893 0.309017
0.904508 0.293893 -0.309017
0.904508 0.293893 0.309017
0.939347 -0.305212 -0.156434
0.939347 -0.305212 0.156434
0.939347 0.305212 -0.156434
0.939347 0.305212 0.156434
0.951057 -0.309017 0.000000
0.951057 0.000000 -0.309017
0.951057 0.000000 0.309017
0.951057 0.309017 0.000000
0.987688 0.000000 -0.156434
0.987688 0.000000 0.156434
1.000000 0.000000 0.000000

-1.000000 0.000000 0.000000
-0.987688 0.000000 -0.156434
-0.987688 0.000000 0.156434
-0.951057 -0.309017 0.000000
-0.951057 0.000000 -0.309017
-0.951057 0.000000 0.309017
-0.951057 0.309017 0.000000
-0.939347 -0.305212 -0.156434
-0.939347 -0.305212 0.156434
-0.939347 0.305212 -0.156434
-0.939347 0.305212 0.156434
-0.904508 -0.293893 -0.309017
-0.904508 -0.293893 0.309017
-0.904508 0.293893 -0.309017
-0.904508 0.293893 0.309017
-0.891007 0.000000 -0.453990
-0.891007 0.000000 0.453990
-0.847398 -0.275336 -0.453990
-0.847398 -0.275336 0.453990
-0.847398 0.275336 -0.453990
-0.847398 0.275336 0.453990
-0.809017 0.000000 -0.587785
-0.809017 0.000000 0.587785
-0.809017 -0.587785 0.000000
-0.809017 0.587785 0.000000
-0.799057 -0.580549 -0.156434
-0.799057 -0.580549 0.156434
-0.799057 0.580549 -0.156434
-0.799057 0.580549 0.156434
-0.769421 -0.250000 -0.587785
-0.769421 -0.250000 0.587785
-0.769421 0.250000 -0.587785
-0.769421 0.250000 0.587785
-0.769421 -0.559017 -0.309017
-0.769421 -0.559017 0.309017
-0.769421 0.559017 -0.309017
-0.769421 0.559017 0.309017
-0.720839 -0.523720 -0.453990
-0.720839 -0.523720 0.453990
-0.720839 0.523720 -0.453990
-0.720839 0.523720 0.453990
-0.707107 0.000000 -0.707107
-0.707107 0.000000 0.707107
-0.672499 -0.218508 -0.707107
-0.672499 -0.218508 0.707107
-0.672499 0.218508 -0.707107
-0.672499 0.218508 0.707107
-0.654508 -0.475528 -0.587785
-0.654508 -0.475528 0.587785
-0.654508 0.475528 -0.587785
-0.654508 0.475528 0.587785
-0.587785 0.000000 -0.809017
-0.587785 0.000000 0.809017
-0.587785 -0.809017 0.000000
-0.587785 0.809017 0.000000
-0.580549 -0.799057 -0.156434
-0.580549 -0.799057 0.156434
-0.580549 0.799057 -0.156434
-0.580549 0.799057 0.156434
-0.572061 -0.415627 -0.707107
-0.572061 -0.415627 0.707107
-0.572061 0.415627 -0.707107
-0.572061 0.415627 0.707107
-0.559017 -0.181636 -0.809017
-0.559017 -0.181636 0.809017
-0.559017 0.181636 -0.809017
-0.559017 0.181636 0.809017
-0.559017 -0.769421 -0.309017
-0.559017 -0.769421 0.309017
-0.559017 0.769421 -0.309017
-0.559017 0.769421 0.309017
-0.523720 -0.720839 -0.453990
-0.523720 -0.720839 0.453990
-0.523720 0.720839 -0.453990
-0.523720 0.720839 0.453990
-0.475528 -0.345492 -0.809017
-0.475528 -0.345492 0.809017
-0.475528 0.345492 -0.809017
-0.475528 0.345492 0.809017
-0.475528 -0.654508 -0.587785
-0.475528 -0.654508 0.587785
-0.475528 0.654508 -0.587785
-0.475528 0.654508 0.587785
-0.453990 0.000000 -0.891007
-0.453990 0.000000 0.891007
-0.431771 -0.140291 -0.891007
-0.431771 -0.140291 0.891007
-0.431771 0.140291 -0.891007
-0.431771 0.140291 0.891007
-0.415627 -0.572061 -0.707107
-0.415627 -0.572061 0.707107
-0.415627 0.572061 -0.707107
-0.415627 0.572061 0.707107
-0.367286 -0.266849 -0.891007
-0.367286 -0.266849 0.891007
-0.367286 0.266849 -0.891007
-0.367286 0.266849 0.891007
-0.345492 -0.475528 -0.809017
-0.345492 -0.475528 0.809017
-0.345492 0.475528 -0.809017
-0.345492 0.475528 0.809017
-0.309017 0.000000 -0.951057
-0.309017 0.000000 0.951057
-0.309017 -0.951057 0.000000
-0.309017 0.951057 0.000000
-0.305212 -0.939347 -0.156434
-0.305212 -0.939347 0.156434
-0.305212 0.939347 -0.156434
-0.305212 0.939347 0.156434
-0.293893 -0.095492 -0.951057
-0.293893 -0.095492 0.951057
-0.293893 0.095492 -0.951057
-0.293893 0.095492 0.951057
-0.293893 -0.904508 -0.309017
-0.293893 -0.904508 0.309017
-0.293893 0.904508 -0.309017
-0.293893 0.904508 0.309017
-0.275336 -0.847398 -0.453990
-0.275336 -0.847398 0.453990
-0.275336 0.847398 -0.453990
-0.275336 0.847398 0.453990
-0.266849 -0.367286 -0.891007
-0.266849 -0.367286 0.891007
-0.266849 0.367286 -0.891007
-0.266849 0.367286 0.891007
-0.250000 -0.181636 -0.951057
-0.250000 -0.181636 0.951057
-0.250000 0.181636 -0.951057
-0.250000 0.181636 0.951057
-0.250000 -0.769421 -0.587785
-0.250000 -0.769421 0.587785
-0.250000 0.769421 -0.587785
-0.250000 0.769421 0.587785
-0.218508 -0.672499 -0.707107
-0.218508 -0.672499 0.707107
-0.218508 0.672499 -0.707107
-0.218508 0.672499 0.707107
-0.181636 -0.250000 -0.951057
-0.181636 -0.250000 0.951057
-0.181636 0.250000 -0.951057
-0.181636 0.250000 0.951057
-0.181636 -0.559017 -0.809017
-0.181636 -0.559017 0.809017
-0.181636 0.559017 -0.809017
-0.181636 0.559017 0.809017
-0.156434 0.000000 -0.987688
-0.156434 0.000000 0.987688
-0.148778 -0.048341 -0.987688
-0.148778 -0.048341 0.987688
-0.148778 0.048341 -0.987688
-0.148778 0.048341 0.987688
-0.140291 -0.431771 -0.891007
-0.140291 -0.431771 0.891007
-0.140291 0.431771 -0.891007
-0.140291 0.431771 0.891007
-0.126558 -0.091950 -0.987688
-0.126558 -0.091950 0.987688
-0.126558 0.091950 -0.987688
-0.126558 0.091950 0.987688
-0.095492 -0.293893 -0.951057
-0.095492 -0.293893 0.951057
-0.095492 0.293893 -0.951057
-0.095492 0.293893 0.951057
-0.091950 -0.126558 -0.987688
-0.091950 -0.126558 0.987688
-0.091950 0.126558 -0.987688
-0.091950 0.126558 0.987688
-0.048341 -0.148778 -0.987688
-0.048341 -0.148778 0.987688
-0.048341 0.148778 -0.987688
-0.048341 0.148778 0.987688
-0.000000 0.000000 -1.000000
-0.000000 0.000000 1.000000
0.000000 -0.156434 -0.987688
0.000000 -0.156434 0.987688
0.000000 0.156434 -0.987688
0.000000 0.156434 0.987688
0.000000 -0.309017 -0.951057
0.000000 -0.309017 0.951057
0.000000 0.309017 -0.951057
0.000000 0.309017 0.951057
0.000000 -0.453990 -0.891007
0.000000 -0.453990 0.891007
0.000000 0.453990 -0.891007
0.000000 0.453990 0.891007
0.000000 -0.587785 -0.809017
0.000000 -0.587785 0.809017
0.000000 0.587785 -0.809017
0.000000 0.587785 0.809017
0.000000 -0.707107 -0.707107
0.000000 -0.707107 0.707107
0.000000 0.707107 -0.707107
0.000000 0.707107 0.707107
0.000000 -0.809017 -0.587785
0.000000 -0.809017 0.587785
0.000000 0.809017 -0.587785
0.000000 0.809017 0.587785
0.000000 -0.891007 -0.453990
0.000000 -0.891007 0.453990
0.000000 0.891007 -0.453990
0.000000 0.891007 0.453990
0.000000 -0.951057 -0.309017
0.000000 -0.951057 0.309017
0.000000 0.951057 -0.309017
0.000000 0.951057 0.309017
0.000000 -0.987688 -0.156434
0.000000 -0.987688 0.156434
0.000000 0.987688 -0.156434
0.000000 0.987688 0.156434
0.000000 -1.000000 0.000000
0.000000 1.000000 0.000000
0.048341 -0.148778 -0.987688
0.048341 -0.148778 0.987688
0.048341 0.148778 -0.987688
0.048341 0.148778 0.987688
0.091950 -0.126558 -0.987688
0.091950 -0.126558 0.987688
0.091950 0.126558 -0.987688
0.091950 0.126558 0.987688
0.095492 -0.293893 -0.951057
0.095492 -0.293893 0.951057
0.095492 0.293893 -0.951057
0.095492 0.293893 0.951057
0.126558 -0.091950 -0.987688
0.126558 -0.091950 0.987688
0.126558 0.091950 -0.987688
0.126558 0.091950 0.987688
0.140291 -0.431771 -0.891007
0.140291 -0.431771 0.891007
0.140291 0.431771 -0.891007
0.140291 0.431771 0.891007
0.148778 -0.048341 -0.987688
0.148778 -0.048341 0.987688
0.148778 0.048341 -0.987688
0.148778 0.048341 0.987688
0.156434 0.000000 -0.987688
0.156434 0.000000 0.987688
0.181636 -0.559017 -0.809017
0.181636 -0.559017 0.809017
0.181636 -0.250000 -0.951057
0.181636 -0.250000 0.951057
0.181636 0.250000 -0.951057
0.181636 0.250000 0.951057
0.181636 0.559017 -0.809017
0.181636 0.559017 0.809017
0.218508 -0.672499 -0.707107
0.218508 -0.672499 0.707107
0.218508 0.672499 -0.707107
0.218508 0.672499 0.707107
0.250000 -0.769421 -0.587785
0.250000 -0.769421 0.587785
0.250000 -0.181636 -0.951057
0.250000 -0.181636 0.951057
0.250000 0.181636 -0.951057
0.250000 0.181636 0.951057
0.250000 0.769421 -0.587785
0.250000 0.769421 0.587785
0.266849 -0.367286 -0.891007
0.266849 -0.367286 0.891007
0.266849 0.367286 -0.891007
0.266849 0.367286 0.891007
0.275336 -0.847398 -0.453990
0.275336 -0.847398 0.453990
0.275336 0.847398 -0.453990
0.275336 0.847398 0.453990
0.293893 -0.904508 -0.309017
0.293893 -0.904508 0.309017
0.293893 -0.095492 -0.951057
0.293893 -0.095492 0.951057
0.293893 0.095492 -0.951057
0.293893 0.095492 0.951057
0.293893 0.904508 -0.309017
0.293893 0.904508 0.309017
0.305212 -0.939347 -0.156434
0.305212 -0.939347 0.156434
0.305212 0.939347 -0.156434
0.305212 0.939347 0.156434
0.309017 -0.951057 0.000000
0.309017 0.000000 -0.951057
0.309017 0.000000 0.951057
0.309017 0.951057 0.000000
0.345492 -0.475528 -0.809017
0.345492 -0.475528 0.809017
0.345492 0.475528 -0.809017
0.345492 0.475528 0.809017
0.367286 -0.266849 -0.891007
0.367286 -0.266849 0.891007
0.367286 0.266849 -0.891007
0.367286 0.266849 0.891007
0.415627 -0.572061 -0.707107
0.415627 -0.572061 0.707107
0.415627 0.572061 -0.707107
0.415627 0.572061 0.707107
0.431771 -0.140291 -0.891007
0.431771 -0.140291 0.891007
0.431771 0.140291 -0.891007
0.431771 0.140291 0.891007
0.453990 0.000000 -0.891007
0.453990 0.000000 0.891007
0.475528 -0.654508 -0.587785
0.475528 -0.654508 0.587785
0.475528 -0.345492 -0.809017
0.475528 -0.345492 0.809017
0.475528 0.345492 -0.809017
0.475528 0.345492 0.809017
0.475528 0.654508 -0.587785
0.475528 0.654508 0.587785
0.523720 -0.720839 -0.453990
0.523720 -0.720839 0.453990
0.523720 0.720839 -0.453990
0.523720 0.720839 0.453990
0.559017 -0.769421 -0.309017
0.559017 -0.769421 0.309017
0.559017 -0.181636 -0.809017
0.559017 -0.181636 0.809017
0.559017 0.181636 -0.809017
0.559017 0.181636 0.809017
0.559017 0.769421 -0.309017
0.559017 0.769421 0.309017
0.572061 -0.415627 -0.707107
0.572061 -0.415627 0.707107
0.572061 0.415627 -0.707107
0.572061 0.415627 0.707107
0.580549 -0.799057 -0.156434
0.580549 -0.799057 0.156434
0.580549 0.799057 -0.156434
0.580549 0.799057 0.156434
0.587785 -0.809017 0.000000
0.587785 0.000000 -0.809017
0.587785 0.000000 0.809017
0.587785 0.809017 0.000000
0.654508 -0.475528 -0.587785
0.654508 -0.475528 0.587785
0.654508 0.475528 -0.587785
0.654508 0.475528 0.587785
0.672499 -0.218508 -0.707107
0.672499 -0.218508 0.707107
0.672499 0.218508 -0.707107
0.672499 0.218508 0.707107
0.707107 0.000000 -0.707107
0.707107 0.000000 0.707107
0.720839 -0.523720 -0.453990
0.720839 -0.523720 0.453990
0.720839 0.523720 -0.453990
0.720839 0.523720 0.453990
0.769421 -0.559017 -0.309017
0.769421 -0.559017 0.309017
0.769421 -0.250000 -0.587785
0.769421 -0.250000 0.587785
0.769421 0.250000 -0.587785
0.769421 0.250000 0.587785
0.769421 0.559017 -0.309017
0.769421 0.559017 0.309017
0.799057 -0.580549 -0.156434
0.799057 -0.580549 0.156434
0.799057 0.580549 -0.156434
0.799057 0.580549 0.156434
0.809017 -0.587785 0.000000
0.809017 0.000000 -0.587785
0.809017 0.000000 0.587785
0.809017 0.587785 0.000000
0.847398 -0.275336 -0.453990
0.847398 -0.275336 0.453990
0.847398 0.275336 -0.453990
0.847398 0.275336 0.453990
0.891007 0.000000 -0.453990
0.891007 0.000000 0.453990
0.904508 -0.293893 -0.309017
0.904508 -0.293893 0.309017
0.904508 0.293893 -0.309017
0.904508 0.293893 0.309017
0.939347 -0.305212 -0.156434
0.939347 -0.305212 0.156434
0.939347 0.305212 -0.156434
0.939347 0.305212 0.156434
0.951057 -0.309017 0.000000
0.951057 0.000000 -0.309017
0.951057 0.000000 0.309017
0.951057 0.309017 0.000000
0.987688 0.000000 -0.156434
0.987688 0.000000 0.156434
1.000000 0.000000 0.000000
