646

-0.305726 -0.274658 -0.031551
-0.305726 -0.274658 0.031554
-0.305726 -0.333847 0.080099
-0.305726 -0.394658 0.091535
-0.305726 -0.474658 0.062101
-0.285726 -0.512402 0.020099
-0.285726 -0.504453 -0.039901
-0.285726 -0.454658 -0.082489
-0.305726 -0.354658 -0.086903
-0.285726 -0.314658 -0.056629
-0.281614 -0.294658 0.020099
-0.265726 -0.366484 0.080099
-0.265726 -0.434658 0.090734
-0.245726 -0.482675 0.080099
-0.246907 -0.534658 0.000099
-0.245726 -0.510507 -0.059901
-0.265726 -0.434658 -0.090750
-0.265726 -0.354658 -0.074051
-0.245726 -0.325136 -0.019901
-0.245726 -0.350312 0.060099
-0.225726 -0.392382 0.080099
-0.225726 -0.454658 0.090968
-0.205726 -0.501035 0.080099
-0.225726 -0.543945 0.000099
-0.225726 -0.534003 -0.039901
-0.225726 -0.454658 -0.090965
-0.225726 -0.374658 -0.069500
-0.225726 -0.347675 -0.039901
-0.185726 -0.362812 0.020099
-0.185726 -0.374658 -0.046649
-0.185726 -0.434658 -0.088250
-0.169915 -0.514658 -0.079901
-0.185726 -0.549199 -0.039901
-0.165726 -0.555449 0.040099
-0.185726 -0.514658 0.076789
-0.185726 -0.434658 0.088254
-0.185726 -0.374658 0.046652
-0.160403 -0.374658 -0.019901
-0.125726 -0.414658 -0.065770
-0.125726 -0.494658 -0.090614
-0.125726 -0.554658 -0.057293
-0.145726 -0.568281 0.020099
-0.145726 -0.521640 0.080099
-0.126458 -0.434658 0.080099
-0.127122 -0.394658 0.040099
-0.101693 -0.394658 -0.019901
-0.085726 -0.419043 -0.059901
-0.105726 -0.514658 -0.087118
-0.105726 -0.556601 -0.059901
-0.105726 -0.577070 0.020099
-0.086575 -0.534658 0.080099
-0.085726 -0.454658 0.084855
-0.105726 -0.414629 0.060099
-0.045726 -0.404980 -0.019901
-0.065726 -0.447519 -0.079901
-0.045726 -0.534658 -0.082664
-0.065726 -0.576015 -0.039901
-0.045726 -0.574658 0.046047
-0.065726 -0.514658 0.088976
-0.045726 -0.434658 0.069211
-0.025726 -0.404531 0.000099
-0.025726 -0.426953 -0.059901
-0.005726 -0.494658 -0.091532
-0.025726 -0.565976 -0.059901
-0.025726 -0.586113 0.020099
-0.025726 -0.541015 0.080099
-0.025726 -0.454658 0.081535
0.014274 -0.414375 0.040099
0.034274 -0.413105 -0.039901
0.034274 -0.454658 -0.081825
0.014274 -0.541797 -0.079901
0.014274 -0.586543 -0.019901
0.014274 -0.566211 0.060099
0.014274 -0.494658 0.091535
0.054274 -0.424453 0.060099
0.074274 -0.398496 0.000099
0.074274 -0.434658 -0.072391
0.074274 -0.514658 -0.088680
0.074274 -0.574658 -0.040536
0.054274 -0.577109 0.040099
0.074274 -0.534658 0.081086
0.094274 -0.454658 0.085500
0.094274 -0.403769 0.040099
0.114274 -0.438027 0.080099
0.134274 -0.534658 0.073957
0.134274 -0.571113 0.020099
0.134274 -0.554658 -0.054793
0.134274 -0.494658 -0.090262
0.134274 -0.414658 -0.068153
0.134274 -0.392187 -0.039901
0.154274 -0.384863 0.040099
0.194274 -0.374658 0.052629
0.174274 -0.374658 -0.037059
0.194274 -0.408476 -0.079901
0.174274 -0.494658 -0.087430
0.174274 -0.539082 -0.059901
0.194274 -0.554658 0.014855
0.174274 -0.534658 0.064445
0.194274 -0.454658 0.091535
0.214274 -0.394658 0.078000
0.254274 -0.354658 0.068625
0.254274 -0.318554 0.020099
0.234274 -0.354658 -0.056668
0.234274 -0.394658 -0.083250
0.254274 -0.474658 -0.081766
0.254274 -0.521015 -0.039901
0.254274 -0.520898 0.040099
0.234274 -0.488339 0.080099
0.274274 -0.414658 0.091574
0.294274 -0.343984 0.080099
0.274274 -0.310957 0.040099
0.294274 -0.294658 -0.043602
0.294274 -0.354658 -0.084090
0.274274 -0.454658 -0.085125
0.274274 -0.495742 -0.059901
0.274274 -0.514658 0.031867
0.294274 -0.454707 0.080099
0.334274 -0.434658 0.076007
0.314274 -0.354658 0.088566
0.334274 -0.274658 0.065129
0.314274 -0.256015 0.000099
0.334274 -0.274658 -0.065125
0.334274 -0.334658 -0.088348
0.334274 -0.426621 -0.079901
0.332878 -0.474658 -0.039901
0.314274 -0.494658 0.022707
0.337761 -0.454658 0.060099
0.354274 -0.458906 -0.039901
0.374274 -0.425332 -0.059901
0.354274 -0.334658 -0.091043
0.354274 -0.254658 -0.068543
0.354274 -0.214658 -0.039286
0.366100 -0.194658 0.040099
0.354274 -0.239980 0.060099
0.354274 -0.334658 0.091047
0.354274 -0.414658 0.077902
0.374274 -0.451777 0.020099
0.383639 -0.434658 -0.039901
0.414274 -0.414658 -0.022332
0.414274 -0.414658 0.022336
0.434274 -0.354658 0.066066
0.414274 -0.294658 0.090871
0.414274 -0.194658 0.082687
0.434274 -0.134658 0.081164
0.454274 -0.094658 0.085363
0.453405 0.005342 0.080099
0.448268 0.065342 0.080099
0.434274 0.105342 0.076593
0.414274 0.182481 0.080099
0.394274 0.128321 0.040099
0.414274 0.105342 0.059582
0.402409 0.065342 -0.019901
0.398542 0.085342 -0.019901
0.378405 0.145342 0.000099
0.385495 0.185342 -0.059901
0.363014 0.185342 0.020099
0.363757 0.225342 0.060099
0.354274 0.281797 0.080099
0.374274 0.385342 0.082394
0.374274 0.425342 0.059894
0.374274 0.454688 0.000099
0.374274 0.425342 -0.059891
0.374274 0.391993 -0.079901
0.354274 0.285342 -0.081278
0.363561 0.225342 -0.059901
0.347936 0.225342 -0.039901
0.350573 0.245342 0.060099
0.334206 0.305342 0.080099
0.294274 0.310645 0.060099
0.314274 0.270450 0.040099
0.294274 0.305342 -0.055399
0.294274 0.345342 -0.080653
0.314274 0.425342 -0.085926
0.294274 0.485342 -0.058700
0.314274 0.495391 0.020099
0.294274 0.454707 0.080099
0.314274 0.385342 0.091574
0.254274 0.365342 0.075422
0.274274 0.465342 0.080890
0.254274 0.520899 0.040099
0.254274 0.525342 -0.030594
0.274274 0.467461 -0.079901
0.254274 0.385342 -0.084442
0.254274 0.343946 -0.059901
0.254274 0.315684 0.000099
0.254274 0.344160 0.060099
0.245456 0.325342 -0.019901
0.214274 0.354864 -0.039901
0.234274 0.425342 -0.090828
0.234274 0.505342 -0.069403
0.222311 0.545342 0.000099
0.234274 0.515664 0.060099
0.234274 0.445342 0.091359
0.222761 0.365342 0.060099
0.212253 0.345342 0.000099
0.174274 0.376114 -0.039901
0.194274 0.445342 -0.090868
0.194274 0.525342 -0.066610
0.194274 0.555938 0.000099
0.194274 0.525342 0.066613
0.194274 0.445342 0.090871
0.174274 0.385342 0.053859
0.180612 0.365342 -0.019901
0.154274 0.398946 -0.059901
0.134274 0.431934 -0.079901
0.154274 0.525342 -0.076532
0.134274 0.571153 -0.019901
0.134274 0.550235 0.060099
0.154274 0.505342 0.086105
0.154274 0.425342 0.079972
0.134274 0.384844 0.020099
0.094274 0.403672 -0.039901
0.094274 0.445342 -0.081453
0.094274 0.533711 -0.079901
0.094274 0.579102 -0.019901
0.094274 0.558477 0.060099
0.094274 0.485342 0.091535
0.094274 0.417383 0.060099
0.074274 0.400762 0.020099
0.054274 0.425342 -0.061102
0.054274 0.505342 -0.090887
0.054274 0.565342 -0.058270
0.054274 0.584161 0.020099
0.054274 0.538887 0.080099
0.054274 0.449414 0.080099
0.054274 0.405342 0.025402
0.014274 0.414375 0.040099
0.034274 0.465342 0.086339
0.034274 0.545342 0.077257
0.014274 0.586504 0.020099
0.034274 0.565528 -0.059901
0.034274 0.505342 -0.091082
0.014274 0.427481 -0.059901
-0.005726 0.405342 -0.002274
-0.005726 0.425342 0.057082
-0.025726 0.485342 0.090890
-0.025726 0.565342 0.060617
-0.005726 0.588887 0.000099
-0.005726 0.565342 -0.061239
-0.005726 0.485342 -0.090809
-0.005726 0.425342 -0.057078
-0.065726 0.405342 -0.030614
-0.065726 0.447520 -0.079901
-0.065726 0.537989 -0.079901
-0.065726 0.583028 -0.019901
-0.065726 0.565342 0.056769
-0.065726 0.505342 0.090714
-0.065726 0.425342 0.062843
-0.045726 0.405020 0.020099
-0.105726 0.405342 -0.047879
-0.105726 0.465342 -0.089383
-0.105726 0.545342 -0.070672
-0.105726 0.579336 0.000099
-0.105726 0.545342 0.070675
-0.105726 0.465342 0.089367
-0.105726 0.405342 0.047863
-0.137103 0.405342 0.060099
-0.125726 0.465342 0.090304
-0.125726 0.526836 0.080099
-0.125726 0.573047 0.020099
-0.145726 0.547500 -0.059901
-0.145726 0.522012 -0.079901
-0.145726 0.425342 -0.078328
-0.125726 0.387676 -0.019901
-0.165726 0.380059 0.040099
-0.185726 0.425342 0.085422
-0.165726 0.515645 0.080099
-0.185726 0.556504 0.020099
-0.165726 0.541778 -0.059901
-0.185726 0.465342 -0.091493
-0.185726 0.385342 -0.059950
-0.165726 0.369922 0.000099
-0.225726 0.347793 0.040099
-0.205726 0.405342 0.081105
-0.225726 0.492344 0.080099
-0.225726 0.541504 0.020099
-0.225726 0.525342 -0.053289
-0.205726 0.485342 -0.086532
-0.225726 0.391973 -0.079901
-0.225726 0.345342 -0.035575
-0.245521 0.325342 0.020099
-0.245726 0.365342 0.071886
-0.245726 0.445342 0.090851
-0.265726 0.500176 0.060099
-0.245726 0.535196 0.000099
-0.245726 0.510508 -0.059901
-0.265726 0.445342 -0.089032
-0.265726 0.365342 -0.079578
-0.245726 0.325342 -0.020614
-0.269993 0.305342 0.020099
-0.305726 0.333848 0.080099
-0.305726 0.425342 0.087609
-0.305726 0.485342 0.050636
-0.298118 0.505342 -0.019901
-0.285726 0.465342 -0.077489
-0.285726 0.385342 -0.089891
-0.305726 0.305342 -0.064598
-0.285726 0.287520 0.000099
-0.318607 0.265342 0.040099
-0.325726 0.325342 0.083898
-0.325726 0.425342 0.083078
-0.325726 0.465342 0.058175
-0.329681 0.485342 -0.019901
-0.345726 0.425342 -0.076141
-0.325726 0.365342 -0.091239
-0.345726 0.291660 -0.079901
-0.325726 0.245342 -0.020946
-0.325726 0.245342 0.020929
-0.365726 0.265342 0.079621
-0.385726 0.325342 0.091261
-0.365726 0.405342 0.077550
-0.385726 0.442051 0.020099
-0.365726 0.432715 -0.059901
-0.385726 0.365342 -0.085008
-0.365726 0.285342 -0.085340
-0.385726 0.245342 -0.082411
-0.405726 0.305342 -0.090946
-0.425726 0.373828 -0.059901
-0.425726 0.405342 -0.014032
-0.405726 0.413985 0.040099
-0.425726 0.345342 0.076105
-0.405726 0.285342 0.091554
-0.413001 0.185342 0.080099
-0.428724 0.145342 0.080099
-0.465726 0.245342 0.086789
-0.445726 0.325342 0.073547
-0.459036 0.365342 0.020099
-0.445726 0.349746 -0.059901
-0.485726 0.305342 -0.050457
-0.485726 0.329024 0.020099
-0.489251 0.285342 0.060099
-0.525169 0.245342 0.040099
-0.512669 0.285342 -0.019901
-0.505726 0.225342 -0.072157
-0.545726 0.215469 -0.019901
-0.527845 0.205342 0.060099
-0.555560 0.165342 0.040099
-0.565726 0.085342 0.052804
-0.565726 0.027364 0.060099
-0.585286 0.065342 0.000099
-0.565726 0.085342 -0.052801
-0.569993 0.105342 0.040099
-0.565726 0.145342 -0.029286
-0.541888 0.165342 -0.059901
-0.565228 0.165342 0.000099
-0.549622 0.205342 -0.019901
-0.485726 0.205342 -0.086473
-0.472591 0.265342 -0.079901
-0.485726 0.291660 -0.059901
-0.500579 0.265342 -0.059901
-0.465726 0.125342 -0.090360
-0.445726 0.045342 -0.077352
-0.445726 -0.014658 -0.076004
-0.465726 -0.094658 -0.088914
-0.410911 -0.054658 -0.039901
-0.407513 0.005342 -0.019901
-0.412044 0.045342 -0.039901
-0.405726 0.038985 0.020099
-0.405726 0.065342 -0.031493
-0.385726 0.125342 -0.006414
-0.388314 0.145342 0.040099
-0.378392 0.145342 0.000099
-0.370794 0.185342 -0.039901
-0.412611 0.185342 -0.079901
-0.408958 0.125342 -0.059901
-0.434603 0.125342 -0.079901
-0.349486 0.205342 0.000099
-0.365726 0.222129 0.060099
-0.385677 0.185342 0.060099
-0.347923 0.225342 -0.039901
-0.414739 0.105342 0.060099
-0.445726 0.085342 0.080715
-0.425726 0.025342 0.058429
-0.425726 -0.054658 0.061574
-0.405726 -0.014658 0.010754
-0.403861 -0.034658 0.000099
-0.405726 -0.114658 0.052023
-0.391087 -0.114658 -0.019901
-0.396400 -0.094658 -0.019901
-0.425726 -0.152832 -0.079901
-0.385726 -0.214658 -0.072762
-0.365726 -0.254658 -0.075789
-0.368236 -0.174658 -0.019901
-0.385726 -0.185234 0.060099
-0.345726 -0.234658 0.046105
-0.346439 -0.214658 -0.019901
-0.345726 -0.251836 -0.059901
-0.310052 -0.294658 -0.059901
-0.325726 -0.256543 0.040099
-0.345726 -0.292226 0.080099
-0.345726 -0.354658 0.091554
-0.345726 -0.434658 0.070773
-0.345726 -0.473984 0.020099
-0.332864 -0.474658 -0.039901
-0.345726 -0.417382 -0.079901
-0.345726 -0.334658 -0.090164
-0.359388 -0.274658 -0.079901
-0.405726 -0.354658 -0.081551
-0.386068 -0.414658 -0.059901
-0.405726 -0.426855 0.000099
-0.405726 -0.394658 0.060519
-0.385726 -0.334658 0.090578
-0.385726 -0.236933 0.080099
-0.405726 -0.174658 0.072980
-0.425726 -0.134658 0.076359
-0.465726 -0.074658 0.087961
-0.451966 0.025342 0.080099
-0.465726 0.105342 0.089445
-0.505726 0.185342 0.081691
-0.515775 0.165342 0.080099
-0.525726 0.065342 0.085597
-0.525726 -0.034658 0.086632
-0.525726 -0.130254 0.080099
-0.505726 -0.193906 0.080099
-0.485726 -0.214658 0.085089
-0.465726 -0.294658 0.074074
-0.445726 -0.234658 0.091339
-0.485726 -0.134658 0.091300
-0.465726 -0.334658 0.050812
-0.465726 -0.360449 0.000099
-0.457161 -0.334658 -0.059901
-0.445726 -0.294658 -0.083719
-0.465726 -0.194658 -0.091258
-0.437552 -0.114658 -0.079901
-0.485726 -0.054658 -0.091180
-0.485726 0.045342 -0.091102
-0.485726 0.145342 -0.091043
-0.535228 0.085342 -0.079901
-0.545726 0.045342 -0.076493
-0.539212 -0.054658 -0.079901
-0.529720 -0.114658 -0.079901
-0.538958 -0.174658 -0.059901
-0.525726 -0.214658 -0.058368
-0.520950 -0.274658 0.000099
-0.505726 -0.254658 0.060285
-0.531888 -0.194658 0.060099
-0.537747 -0.234658 -0.019901
-0.545989 -0.214658 0.020099
-0.550150 -0.134658 0.060099
-0.565726 -0.074658 0.054855
-0.565726 -0.034658 0.059640
-0.585726 -0.061191 0.000099
-0.581263 -0.094658 0.000099
-0.565726 -0.054658 -0.057762
-0.586536 -0.014658 -0.019901
-0.585726 0.005342 0.023839
-0.565726 0.030743 -0.059901
-0.558587 -0.094658 -0.059901
-0.565726 -0.155547 -0.019901
-0.571068 -0.134658 -0.019901
-0.538861 -0.054658 0.080099
-0.485726 -0.294658 0.058058
-0.505726 -0.294658 -0.025438
-0.505726 -0.254658 -0.060282
-0.485726 -0.194658 -0.087782
-0.467239 -0.274658 -0.079901
-0.485726 -0.329023 0.020099
-0.470950 -0.314658 0.060099
-0.425726 -0.314658 -0.085731
-0.442415 -0.374658 -0.039901
-0.425726 -0.393378 0.040099
-0.440853 -0.314658 0.080099
-0.425726 -0.403730 -0.019901
-0.485726 0.005342 0.090851
-0.412259 -0.114658 0.060099
-0.365726 -0.294658 0.087355
-0.365726 -0.432480 0.060099
-0.370853 -0.454658 -0.019901
-0.365726 -0.458789 -0.019901
-0.365726 -0.374658 -0.087684
-0.309017 -0.474658 0.060099
-0.357611 -0.234658 -0.059901
-0.384661 -0.134658 -0.019901
-0.412142 0.045342 0.040099
-0.425726 -0.041347 -0.059901
-0.525726 0.244375 -0.039901
-0.445726 0.381543 -0.019901
-0.432806 0.365342 0.060099
-0.405726 0.426856 0.000099
-0.365726 0.458789 -0.019901
-0.325482 0.245342 0.020099
-0.305726 0.269571 0.020099
-0.322884 0.465342 0.060099
-0.285726 0.512442 -0.019901
-0.229290 0.345342 -0.039901
-0.195892 0.505342 -0.079901
-0.152806 0.385342 -0.039901
-0.042786 0.405342 0.020099
0.040202 0.585342 -0.019901
0.127995 0.565342 0.040099
0.211686 0.525342 0.060099
0.240417 0.485342 0.080099
0.280495 0.305342 0.040099
0.292292 0.485342 -0.059901
0.334274 0.405342 0.087121
0.334274 0.482129 0.020099
0.329675 0.485342 -0.019901
0.334274 0.425342 -0.080457
0.334274 0.285342 -0.071239
0.322682 0.245342 0.000099
0.350378 0.245342 -0.059901
0.394274 0.245342 -0.085536
0.394274 0.345342 -0.087528
0.395846 0.405342 -0.059901
0.414274 0.418555 0.000099
0.394274 0.385342 0.073918
0.394274 0.325342 0.090500
0.394274 0.225342 0.080890
0.454274 0.245342 0.089562
0.434274 0.325342 0.079543
0.450026 0.365342 0.040099
0.434274 0.385342 -0.038114
0.434274 0.325342 -0.079539
0.434274 0.265342 -0.090809
0.434274 0.165342 -0.085653
0.434274 0.085342 -0.073563
0.434274 0.025342 -0.066961
0.434274 -0.034658 -0.067586
0.454274 -0.114658 -0.087000
0.425065 -0.154658 -0.079901
0.414274 -0.214658 -0.086336
0.374274 -0.194658 -0.052391
0.374274 -0.161406 0.020099
0.381061 -0.194658 0.060099
0.391081 -0.114658 -0.019901
0.412077 -0.114658 -0.059901
0.394274 -0.094658 0.004523
0.413483 -0.034658 0.040099
0.414274 -0.034658 -0.041649
0.427389 0.025342 -0.059901
0.414274 0.005342 0.038625
0.414274 -0.014658 0.039132
0.417155 -0.094658 -0.059901
0.394167 -0.094658 0.000099
0.394274 -0.294658 -0.091434
0.394274 -0.374658 -0.078797
0.454274 -0.354658 -0.046297
0.451472 -0.374658 0.020099
0.456940 -0.334658 0.060099
0.454274 -0.274658 0.085168
0.474274 -0.234658 0.085812
0.494274 -0.134658 0.090304
0.494274 -0.034658 0.091222
0.494274 0.065342 0.091379
0.494274 0.165342 0.088371
0.494274 0.245342 0.073547
0.494274 0.302793 0.040099
0.488249 0.325342 -0.019901
0.474274 0.265342 -0.079051
0.514274 0.285342 -0.011942
0.515358 0.265342 0.040099
0.527858 0.205342 0.060099
0.549557 0.205342 0.020099
0.534274 0.188516 -0.059901
0.554274 0.117286 -0.059901
0.534274 0.045342 -0.082528
0.534274 -0.014658 -0.083211
0.534274 -0.074658 -0.081063
0.524987 -0.134658 -0.079901
0.534274 -0.188515 -0.059901
0.528581 -0.254658 -0.019901
0.515495 -0.234658 0.060099
0.545983 -0.194658 0.040099
0.554274 -0.116425 0.060099
0.571764 -0.094658 0.040099
0.574274 -0.114658 -0.024266
0.585319 -0.034658 -0.019901
0.578991 -0.014658 0.040099
0.579089 -0.014658 -0.039901
0.586843 0.045342 0.000099
0.574274 0.077325 0.040099
0.574274 0.078086 -0.039901
0.574274 0.120176 -0.019901
0.554274 0.125342 0.057863
0.556686 0.185342 -0.019901
0.534274 0.105342 0.078371
0.539089 0.045342 0.080099
0.540593 -0.014658 0.080099
0.534274 -0.087558 0.080099
0.514274 -0.154658 0.082472
0.514274 0.005342 0.089543
0.514274 0.105342 0.087238
0.569948 0.105342 0.040099
0.565827 -0.014658 -0.059901
0.554274 -0.114658 -0.060496
0.574274 -0.119941 0.020099
0.555807 -0.194658 0.000099
0.552819 -0.174658 -0.039901
0.553444 -0.194658 0.020099
0.497272 -0.214658 0.080099
0.509889 -0.294658 0.000099
0.494274 -0.254658 -0.070243
0.494274 -0.194658 -0.085028
0.474274 -0.114658 -0.091102
0.474274 -0.014658 -0.088348
0.474274 0.085342 -0.090223
0.474274 0.185342 -0.090770
0.510690 0.245342 -0.059901
0.534274 0.245342 -0.013485
0.534274 0.225342 0.039679
0.474274 0.245342 -0.083875
0.514274 0.085342 -0.088231
0.454274 -0.174658 -0.090965
0.467233 -0.274658 -0.079901
0.473405 -0.334658 -0.039901
0.454362 -0.374658 0.000099
0.494274 -0.294658 0.047765
0.486921 -0.314658 -0.039901
0.454274 -0.294658 -0.080184
0.514274 -0.267636 -0.039901
0.494274 0.302989 -0.039901
0.474274 0.349121 0.000099
0.474274 0.309610 0.060099
0.454274 -0.194658 0.091515
0.414274 0.106426 -0.059901
0.403034 0.205342 -0.079901
0.434274 0.394512 -0.019901
0.432800 0.365342 0.060099
0.381921 0.445342 0.020099
0.374274 0.155664 0.000099
0.394274 -0.222422 0.080099
0.394274 -0.371347 0.080099
0.414274 -0.415410 0.020099
0.341843 -0.234658 0.040099
0.333210 -0.234658 -0.019901
0.309030 -0.474658 0.060099
0.294274 -0.291953 -0.039901
0.310280 -0.294658 0.060099
0.269870 -0.314658 -0.039901
0.220612 -0.494658 0.080099
0.234274 -0.540312 0.000099
0.221491 -0.494658 -0.079901
0.214274 -0.370195 -0.059901
0.196296 -0.354658 0.000099
0.154274 -0.425586 0.080099
0.168366 -0.554658 0.040099
0.154274 -0.519550 -0.079901
0.164909 -0.394658 -0.059901
0.094274 -0.394658 0.008625
0.094274 -0.417207 -0.059901
0.094274 -0.554658 -0.064168
0.094274 -0.574658 0.034035
0.094274 -0.494658 0.091339
-0.125189 -0.434658 -0.079901
-0.244622 -0.334658 -0.039901
-0.266888 -0.514658 -0.039901

-0.698253 -0.627292 0.344888
-0.697832 -0.626914 -0.346423
-0.326898 -0.357012 -0.875031
0.013351 0.017084 -0.999765
0.397458 0.617179 -0.679056
0.474870 0.851920 -0.220751
0.443504 0.783228 0.435727
0.230256 0.366276 0.901568
-0.205424 -0.238391 0.949195
-0.527743 -0.581205 0.619426
-0.673810 -0.705018 -0.221199
-0.284081 -0.391978 -0.875015
0.069469 0.113362 -0.991122
0.219422 0.430891 -0.875321
0.419060 0.907956 -0.002179
0.327766 0.681068 0.654764
0.069342 0.113154 0.991155
-0.352071 -0.470039 0.809388
-0.588555 -0.778755 0.217128
-0.432601 -0.616839 -0.657546
-0.241288 -0.419759 -0.874976
0.050346 0.101013 -0.993610
0.183716 0.447233 -0.875346
0.383069 0.923717 -0.002179
0.350302 0.829122 0.435712
0.050266 0.100852 0.993631
-0.335372 -0.556877 0.759878
-0.489943 -0.754694 0.436340
-0.444372 -0.868105 -0.221196
-0.381909 -0.770574 0.510256
-0.104579 -0.245320 0.963785
0.152751 0.462475 0.873375
0.288177 0.852715 0.435696
0.256694 0.860991 -0.439092
0.184588 0.511387 -0.839292
-0.104724 -0.245661 -0.963682
-0.381680 -0.770112 -0.511124
-0.384161 -0.897368 0.217144
-0.201447 -0.664983 0.719177
0.035314 0.138317 0.989758
0.172225 0.760335 0.626283
0.242030 0.944822 -0.220754
0.130101 0.465524 -0.875421
-0.135066 -0.465008 -0.874943
-0.275280 -0.854928 -0.439681
-0.243487 -0.945284 0.217144
-0.151276 -0.740295 0.655041
0.061708 0.299939 0.951960
0.140929 0.742526 0.654824
0.175531 0.959410 -0.220730
0.077277 0.477201 -0.875390
-0.069442 -0.369365 -0.926686
-0.186015 -0.730149 -0.657480
-0.109356 -0.969992 0.217155
-0.070702 -0.482666 0.872946
0.036486 0.426851 0.903586
0.101859 0.894327 0.435665
0.068346 0.861039 -0.503926
0.029833 0.233087 -0.971998
-0.068241 -0.650352 -0.756561
-0.063269 -0.997994 -0.002184
-0.045268 -0.754222 0.655058
-0.000305 -0.027877 0.999611
0.034189 0.755049 0.654776
0.042577 0.974409 -0.220714
0.022904 0.482906 -0.875372
-0.025563 -0.454216 -0.890525
0.031154 -0.897633 -0.439640
0.074651 -0.896687 0.436325
0.033746 -0.447146 0.893824
-0.012935 0.486872 0.873377
-0.023901 0.975958 0.216642
-0.019129 0.753435 -0.657244
0.000724 -0.026035 -0.999661
0.095730 -0.747333 -0.657517
0.183636 -0.982992 -0.002184
0.103047 -0.602698 0.791288
-0.035518 0.244681 0.968953
-0.115041 0.889297 0.442624
-0.084240 0.894524 -0.439011
-0.063963 0.459034 -0.886113
0.072527 -0.350421 -0.933780
0.204532 -0.874570 -0.439651
0.122131 -0.468536 -0.874962
-0.143599 0.570842 -0.808405
-0.223209 0.949457 -0.220701
-0.188545 0.778375 0.598818
-0.043943 0.160561 0.986047
0.205510 -0.634512 0.745091
0.291803 -0.851154 0.436335
0.334550 -0.833545 -0.439635
0.376484 -0.725498 -0.576118
0.385996 -0.828775 0.405141
0.209228 -0.440505 0.873029
-0.098761 0.279095 0.955171
-0.232615 0.719109 0.654808
-0.326002 0.931131 -0.163456
-0.220060 0.674561 -0.704656
0.011519 -0.028259 -0.999534
0.249457 -0.459969 -0.852174
0.385148 -0.537318 -0.750300
0.608937 -0.761784 -0.221090
0.432730 -0.654752 0.619713
0.211753 -0.357502 0.909589
-0.212411 0.395574 0.893534
-0.394695 0.808934 0.435708
-0.394045 0.807416 -0.439099
-0.209561 0.435929 -0.875243
-0.000340 -0.000744 -1.000000
0.314240 -0.367918 -0.875151
0.594517 -0.673317 -0.439539
0.621469 -0.621684 0.476745
0.251663 -0.304088 0.918801
-0.190211 0.314265 0.930085
-0.365984 0.661343 0.654738
-0.440544 0.827009 -0.349253
-0.263208 0.405877 -0.875206
-0.339798 0.441213 -0.830583
0.167628 -0.190149 -0.967339
0.542288 -0.445572 -0.712312
0.775781 -0.630998 -0.002182
0.542362 -0.445632 0.712218
0.184931 -0.186061 0.964978
-0.300996 0.383383 0.873166
-0.516626 0.737039 0.435741
-0.519049 0.817598 -0.249241
-0.449523 0.604985 -0.657208
-0.549833 0.712592 0.435771
-0.499368 0.567396 0.654747
0.076913 -0.073674 0.994312
0.537434 -0.386401 0.749572
0.772647 -0.467626 0.429352
0.793330 -0.421338 -0.439433
0.623863 -0.422453 -0.657516
0.077040 -0.073796 -0.994293
-0.341284 0.398786 -0.851173
-0.621897 0.751320 -0.220823
-0.595414 0.674957 0.435794
-0.685234 0.686449 0.243396
-0.684900 0.686114 -0.245275
-0.535810 0.437349 -0.722242
-0.100188 0.070390 -0.992476
0.387658 -0.182498 -0.903557
0.440899 -0.136878 -0.887058
0.351662 -0.076841 -0.932968
0.476506 0.006451 -0.879148
0.474859 0.074500 -0.876903
0.531093 0.129994 -0.837282
0.442281 0.195037 -0.875413
0.854199 0.278108 -0.439318
0.734842 0.187331 -0.651854
0.962698 0.161501 0.217094
0.953815 0.207893 0.216835
0.933497 0.358579 -0.002181
0.680903 0.327502 0.655068
0.868623 0.443507 -0.220897
0.640512 0.396889 -0.657437
0.378324 0.301026 -0.875360
-0.303839 -0.312831 -0.899899
-0.499207 -0.567291 -0.654960
-0.635600 -0.772015 -0.002181
-0.499402 -0.567513 0.654620
-0.336901 -0.352858 0.872920
0.357411 0.287966 0.888444
0.642185 0.398139 0.655045
0.755343 0.489239 0.436008
0.617329 0.432108 -0.657410
0.356865 0.326087 -0.875394
0.518217 0.547030 -0.657426
0.680922 0.585983 -0.439283
0.552148 0.572906 0.605731
0.306088 0.359121 0.881670
-0.205041 -0.277611 0.938558
-0.397760 -0.655869 0.641578
-0.522605 -0.823443 -0.220967
-0.263113 -0.406637 -0.874882
-0.001062 -0.001423 -0.999998
0.323351 0.464408 -0.824481
-0.237798 -0.403562 -0.883510
-0.394281 -0.807159 -0.439360
-0.410889 -0.848278 0.334058
-0.246884 -0.420870 0.872878
0.212210 0.321336 0.922881
0.449231 0.607561 0.655028
0.627283 0.778788 -0.002181
0.447794 0.605995 -0.657458
0.587944 0.779297 0.216834
0.465209 0.770367 0.436023
0.060383 0.109232 0.992181
-0.274126 -0.591131 0.758564
-0.377810 -0.925880 -0.002182
-0.311867 -0.686111 -0.657260
-0.030874 -0.059071 -0.997776
0.392348 0.643308 -0.657433
0.523617 0.851951 -0.002181
0.378414 0.816535 0.435975
0.048868 0.111471 0.992565
-0.237855 -0.642896 0.728086
-0.330218 -0.943902 -0.002182
-0.237819 -0.642800 -0.728183
0.048948 0.111654 -0.992541
0.332983 0.736014 -0.589412
0.432641 0.875104 0.216828
0.272642 0.704657 0.655076
0.144740 0.464880 0.873463
-0.154515 -0.526086 0.836277
-0.223708 -0.950209 0.216929
-0.178812 -0.732097 -0.657313
-0.099278 -0.325492 -0.940319
0.165854 0.456646 -0.874052
0.321341 0.920838 -0.220903
0.204786 0.876333 0.436007
0.094499 0.445414 0.890324
-0.084876 -0.480420 0.872922
-0.157132 -0.963457 0.216935
-0.125586 -0.743058 -0.657338
0.005660 0.028264 -0.999584
0.166170 0.734938 -0.657460
0.177847 0.958949 -0.220877
0.094339 0.737962 0.668216
-0.012901 -0.120812 0.992592
-0.073817 -0.767325 0.636995
-0.090462 -0.971061 -0.221038
-0.048568 -0.481828 -0.874919
0.058117 0.479795 -0.875454
0.127597 0.951825 -0.278835
0.031128 0.897808 -0.439286
0.024488 0.330693 -0.943421
-0.033721 -0.535378 -0.843939
-0.023916 -0.974972 -0.221039
-0.045864 -0.754417 0.654791
-0.006895 -0.102327 0.994727
0.025393 0.755187 0.655018
-0.013862 0.999621 0.023791
-0.010327 0.780878 -0.624598
-0.006391 0.119914 -0.992764
0.033906 -0.747879 -0.662969
0.009562 -0.999952 -0.002182
0.007393 -0.742804 0.669469
-0.001484 0.126911 0.991913
-0.010332 0.781199 0.624197
-0.150526 0.930394 0.334229
-0.070745 0.481674 0.873490
0.059017 -0.484385 0.872862
0.109302 -0.970042 0.216958
0.090403 -0.778511 -0.621086
0.017415 -0.135239 -0.990660
-0.110765 0.717767 -0.687417
-0.109088 0.969176 -0.220904
-0.214785 0.824549 0.523438
-0.048039 0.210449 0.976424
0.120728 -0.623520 0.772430
0.179569 -0.983743 -0.002183
0.120733 -0.623544 -0.772410
-0.048119 0.210800 -0.976344
-0.214683 0.824157 -0.524096
-0.241268 0.713764 -0.657518
-0.042983 0.157969 -0.986508
0.112206 -0.471180 -0.874871
0.209065 -0.952594 -0.221034
0.194319 -0.730380 0.654817
0.130910 -0.469881 0.872969
-0.167513 0.488522 0.856321
-0.300684 0.928739 0.216873
-0.358696 0.823594 -0.439352
-0.143914 0.328705 -0.933403
0.147907 -0.461117 -0.874926
0.308922 -0.925051 -0.221015
0.221005 -0.722735 0.654837
0.015458 -0.040053 0.999078
-0.327734 0.680292 0.655586
-0.408284 0.912852 -0.002181
-0.488661 0.753743 -0.439410
-0.209814 0.412734 -0.886357
0.201467 -0.440336 -0.874937
0.375491 -0.900087 -0.221021
0.320907 -0.746788 0.582518
0.127005 -0.300793 0.945195
-0.243321 0.421915 0.873374
-0.503672 0.771502 0.388716
-0.586943 0.778881 -0.221002
-0.345258 0.513075 -0.785844
0.060069 -0.110153 -0.992098
0.353532 -0.665529 -0.657333
0.417571 -0.908642 -0.002182
0.327773 -0.681056 0.654772
0.119059 -0.200739 0.972383
-0.290457 0.398749 0.869847
-0.586741 0.777958 0.224757
-0.645513 0.731066 -0.221031
-0.326967 0.356462 -0.875230
0.168983 -0.236192 -0.956900
0.443716 -0.704281 -0.554171
0.496356 -0.840594 0.216868
0.278109 -0.453674 0.846661
-0.113190 0.151542 0.981949
-0.500850 0.500235 0.706338
-0.704344 0.709855 -0.002182
-0.689912 0.575184 -0.439528
-0.283431 0.282379 -0.916476
0.254946 -0.333809 -0.907510
0.442346 -0.632016 -0.636306
0.548842 -0.807317 0.216822
0.349516 -0.430622 0.832107
-0.056102 0.061806 0.996510
-0.372821 0.314022 0.873152
-0.777236 0.586263 0.228475
-0.776915 0.586021 -0.230180
-0.399336 0.289294 -0.869966
0.061361 -0.052742 -0.996721
0.355437 -0.394578 -0.847333
0.641551 -0.734596 -0.220864
0.487879 -0.577339 0.654717
0.268863 -0.255496 0.928674
-0.285610 0.222166 0.932239
-0.367381 0.233204 0.900360
0.091588 -0.069834 0.993345
0.567926 -0.498777 0.654738
0.716077 -0.681162 0.152484
0.629006 -0.641465 -0.439174
0.431008 -0.350128 -0.831650
-0.010873 0.006776 -0.999918
-0.441794 0.198001 -0.874994
-0.458556 0.155285 -0.874993
0.280887 -0.148572 -0.948171
0.480399 -0.351053 -0.803728
0.763375 -0.607045 -0.220805
0.594622 -0.466662 0.654715
0.706341 -0.443950 0.551354
0.807708 -0.546683 -0.220784
0.651004 -0.379771 -0.657243
0.814035 -0.380210 -0.439076
0.853141 -0.474554 0.216676
0.561368 -0.250448 0.788760
0.908087 -0.358381 0.216657
0.702315 -0.273359 -0.657289
0.861117 -0.256289 -0.439083
0.807136 -0.121880 -0.577647
0.752777 -0.036547 -0.657261
0.993815 -0.111030 -0.002178
0.807584 -0.121947 0.577007
0.883486 -0.163350 -0.439054
0.917817 -0.235788 0.319400
0.722854 -0.220701 0.654808
0.959802 -0.280668 -0.002179
0.914557 -0.341543 0.216641
0.301564 -0.127981 0.944818
0.424726 -0.238946 0.873220
0.648000 -0.389187 0.654698
0.667742 -0.354093 0.654782
-0.156806 0.041900 0.986740
-0.531743 0.054147 0.845173
-0.556618 -0.018163 0.830570
-0.234136 -0.047385 0.971048
-0.891934 -0.118479 0.436368
-0.976054 0.013045 0.217138
-0.894348 0.098684 0.436352
-0.970725 0.093587 -0.221212
-0.926895 0.149610 0.344213
-0.948604 0.308804 0.069219
-0.841069 0.315210 -0.439596
-0.933296 0.359101 -0.002184
-0.804666 0.402685 0.436300
-0.444929 0.199601 0.873039
-0.722344 0.221554 0.655082
-0.468749 0.135067 0.872944
-0.861837 0.507180 -0.002183
-0.643946 0.391256 -0.657459
-0.679077 0.326488 -0.657465
-0.755022 0.489551 0.436213
-0.730218 0.185635 -0.657512
-0.463494 0.088694 -0.881650
-0.767575 0.045872 -0.639316
-0.733139 -0.093949 -0.673559
-0.992263 -0.035631 -0.118927
-0.996351 -0.085322 -0.002184
-0.790960 -0.223385 -0.569632
-0.936733 -0.274556 0.217141
-0.949469 -0.226632 0.217134
-0.459075 -0.164579 0.873020
-0.529719 -0.294627 0.795357
-0.459795 -0.320030 0.828354
-0.881967 -0.418303 0.217157
-0.679241 -0.326056 -0.657509
-0.714104 -0.484643 -0.505150
-0.829771 -0.514132 0.217139
-0.610739 -0.444806 0.655092
-0.547649 -0.520445 0.655147
-0.705606 -0.555716 -0.439658
-0.369732 -0.312442 -0.875031
-0.014742 -0.015137 -0.999777
0.394428 0.495896 -0.773636
0.574652 0.788063 -0.220754
0.516693 0.736990 0.435746
0.310728 0.375097 0.873356
-0.125298 -0.121268 0.984680
-0.387487 -0.296020 0.873056
0.341324 0.298388 0.891326
0.515027 0.553184 0.654778
0.688921 0.724834 -0.002179
0.537334 0.522670 -0.661883
0.110427 0.095869 -0.989250
-0.412578 -0.253253 -0.875010
-0.554099 -0.238338 -0.797602
-0.525604 -0.166037 -0.834369
-0.274624 -0.043840 -0.960552
-0.483573 0.027181 -0.874882
-0.209591 0.047183 -0.976650
0.423113 -0.155460 -0.892641
0.460381 -0.147923 -0.875310
0.351422 -0.043864 -0.935189
0.321808 0.021210 -0.946567
0.469227 0.116296 -0.875386
0.451412 0.173158 -0.875353
0.336733 0.148925 -0.929749
0.496037 0.313843 -0.809598
0.062354 0.033027 -0.997508
0.071243 0.019937 -0.997260
0.675065 0.484987 -0.555946
0.790888 0.611958 -0.002179
0.609915 0.446421 0.654761
0.336596 0.222594 0.914962
0.075375 0.031712 0.996651
-0.471859 -0.123430 0.872992
-0.091358 -0.010156 0.995766
-0.101839 0.009418 0.994756
0.101512 -0.030772 0.994358
0.480998 -0.076903 0.873342
0.546564 -0.045560 0.836177
0.484486 0.049082 0.873421
0.476042 0.103067 0.873362
0.718985 0.232908 0.654840
0.712920 0.291008 0.638012
0.884671 0.466210 -0.002179
0.671547 0.338109 -0.659323
0.707767 0.258944 -0.657278
0.894845 0.390258 0.216681
0.907778 0.356657 -0.220762
0.732072 0.179083 -0.657267
0.793104 0.104523 -0.600051
0.756593 0.046221 -0.652251
0.994609 0.103674 -0.002179
0.987036 0.160483 -0.002179
0.771917 0.074445 0.631350
0.975952 0.024208 0.216636
0.965147 -0.008962 -0.261555
0.754707 -0.041148 0.654771
0.745165 0.126159 0.654838
0.941380 0.258578 0.216657
0.950251 0.223816 0.216633
0.480976 0.048759 -0.875377
0.660526 0.400604 -0.634997
0.830218 0.483566 0.277312
0.671802 0.338237 0.658998
0.262777 0.105454 0.959077
0.419966 0.246924 0.873302
0.807596 0.546860 -0.220754
0.626730 0.418669 -0.657211
0.281272 0.207969 0.936822
0.686901 0.581627 0.435750
0.659883 0.609708 -0.439102
0.393596 0.280973 -0.875292
0.708382 0.671749 0.216675
-0.125102 0.001390 -0.992143
-0.725909 -0.201728 -0.657542
-0.233456 -0.187983 -0.954023
0.486634 0.575497 -0.657259
0.616990 0.756558 0.216664
0.608453 0.763439 0.216669
0.200091 0.204969 0.958098
0.411140 0.631635 -0.657268
-0.631728 -0.414439 0.655103
-0.921334 -0.322477 0.217144
-0.892745 0.098484 -0.439668
-0.752045 -0.072863 0.655071
0.816242 -0.379335 0.435722
0.741899 -0.634520 0.216725
0.575900 -0.486218 -0.657214
0.689290 -0.724483 -0.002180
0.608830 -0.763101 0.216802
-0.778381 0.587572 -0.221094
-0.731049 0.645514 -0.221088
0.429601 -0.619267 -0.657230
0.475729 -0.852431 0.216894
-0.497381 0.749944 0.436115
0.176023 -0.454951 0.872947
-0.331365 0.836681 0.436075
-0.102059 0.969940 -0.220907
-0.067110 -0.973872 0.216954
-0.198602 -0.876064 -0.439397
-0.281817 -0.698992 -0.657259
-0.214953 -0.434054 -0.874867
0.607745 0.661572 -0.439283
-0.390023 -0.647480 0.654716
-0.195877 -0.237594 -0.951410
-0.555821 -0.801402 -0.220949
-0.548654 -0.807435 0.216860
-0.294687 -0.375015 0.878933
0.476873 0.407124 0.779001
0.796041 0.605238 -0.002181
0.618897 0.433446 0.655050
0.301843 0.188015 0.934634
-0.221000 -0.193527 0.955880
-0.528135 -0.540799 0.654683
-0.703465 -0.710727 -0.002181
-0.421703 -0.412148 -0.807651
-0.118245 -0.097491 -0.988187
0.405928 0.232194 -0.883917
-0.183933 -0.099174 -0.977923
-0.396327 -0.296877 -0.868786
-0.697416 -0.566269 -0.439262
-0.680045 -0.603477 0.416359
-0.396096 -0.296705 0.868950
-0.109807 -0.066926 0.991697
0.329028 0.125514 0.935942
0.581740 0.118540 0.804690
0.676709 0.042634 0.735015
0.668413 -0.056911 0.741610
0.300850 -0.076153 0.950626
0.457468 -0.166637 0.873473
0.294282 -0.152976 0.943396
0.727280 -0.377966 0.572893
0.895775 -0.385701 -0.220955
0.671026 -0.342635 -0.657515
0.936907 -0.274200 0.216841
0.727931 -0.202380 0.655102
0.970723 -0.234816 -0.050589
0.894189 -0.078482 -0.440756
0.886225 -0.077677 0.456696
0.751960 0.047766 0.657476
0.905089 0.012639 -0.425033
0.901961 -0.033376 -0.430525
0.736203 -0.169655 0.655151
0.971952 -0.235171 -0.002181
0.042313 -0.032521 0.998575
-0.368876 0.349891 0.861108
-0.679817 0.530929 0.505928
-0.750266 0.623151 -0.220870
-0.608072 0.445260 -0.657261
-0.314352 0.189429 -0.930215
-0.312717 0.154172 -0.937251
-0.159808 0.043177 -0.986203
0.016556 -0.004705 -0.999852
-0.016994 0.002960 -0.999851
-0.248861 -0.083104 -0.964967
-0.533113 -0.264623 -0.803595
-0.765951 -0.469396 -0.439303
-0.812275 -0.541456 0.216876
-0.439860 -0.246041 0.863705
-0.866894 -0.481326 0.129694
-0.798576 -0.411428 -0.439321
-0.702351 -0.273380 -0.657241
-0.913463 -0.341663 -0.221023
-0.712684 -0.251628 0.654801
-0.739629 -0.154965 0.654931
-0.425433 -0.031890 0.904428
-0.408373 0.009665 0.912764
-0.457610 0.058681 0.887214
-0.472633 0.120982 0.872915
-0.712724 0.251414 0.654840
-0.879313 0.423992 0.216888
-0.685944 0.312197 -0.657278
-0.846082 0.301766 -0.439411
-0.737827 0.152727 -0.657485
-0.886700 0.142179 -0.439941
-0.946130 0.186183 0.264905
-0.974484 0.054410 0.217762
-0.897110 0.021199 -0.441299
-0.898759 0.021236 0.437929
-0.997315 -0.073196 -0.002190
-0.890462 -0.115043 -0.440276
-0.891946 -0.116432 0.436894
-0.955744 -0.198680 0.216980
-0.755120 -0.170689 -0.632976
-0.926104 -0.308681 0.216904
-0.507092 -0.096938 -0.856423
-0.477886 -0.036007 -0.877684
-0.477584 0.011412 -0.878512
-0.476764 0.073192 -0.875979
-0.416007 0.124800 -0.900757
-0.188776 -0.001306 -0.982019
-0.297511 -0.058108 -0.952948
-0.883770 -0.160061 -0.439694
-0.753204 0.017989 0.657541
-0.734824 0.149489 0.661579
-0.955043 0.197512 -0.221093
-0.943711 0.330765 -0.002182
-0.858103 0.271194 0.436019
-0.919955 0.323787 -0.221009
-0.444761 0.191595 -0.874916
-0.865602 0.500729 -0.002182
-0.569734 0.293272 0.767720
-0.345192 0.135504 0.928699
0.096267 -0.024110 0.995064
0.245601 -0.009127 0.969328
0.161772 0.033689 0.986253
-0.122782 -0.047788 0.991282
-0.681249 -0.327436 0.654741
-0.898810 -0.413095 0.146607
-0.829649 -0.350202 -0.434788
-0.356053 -0.184090 0.916153
-0.260587 -0.038515 0.964682
0.105170 -0.040910 0.993612
-0.420696 0.246808 0.872984
-0.734788 0.519696 0.435893
-0.771231 0.636552 -0.002181
-0.732121 0.436558 -0.522892
-0.755776 0.488634 0.435935
-0.404740 0.261992 0.876097
-0.798220 0.415641 0.435990
-0.767217 -0.470475 0.435926
-0.805249 -0.592933 -0.002181
-0.631102 -0.412062 -0.657203
0.028427 -0.012738 -0.999515
0.731780 0.188229 0.655033
0.433759 0.221202 0.873454
-0.722535 -0.656438 0.216869
-0.575922 -0.486191 -0.657216
-0.634952 -0.740287 -0.220933
0.923314 0.384039 -0.002181
0.420929 -0.237809 -0.875366
-0.352618 0.331441 -0.875104
-0.688402 0.690890 -0.220848
0.740824 -0.507988 -0.439463
0.798516 -0.561531 0.216924
-0.411305 0.631613 -0.657186
0.639152 -0.633437 0.436168
0.546439 -0.518773 -0.657480
0.586171 -0.682725 0.436224
-0.197332 0.441547 -0.875269
-0.397608 0.917553 -0.002179
-0.199453 0.444537 0.873273
0.378606 -0.653848 0.655088
0.484845 -0.874597 -0.002183
0.164835 -0.455245 -0.874975
-0.260974 0.859722 -0.439056
-0.138923 0.466784 0.873392
0.291453 -0.697128 0.655032
0.231716 -0.968075 -0.095595
0.166700 -0.736986 0.655029
-0.119568 0.702553 0.701515
-0.150280 0.915637 -0.372861
-0.013097 0.067417 -0.997639
-0.134778 -0.468719 0.873005
-0.530952 -0.726411 0.436369
0.414238 0.799075 0.435759
